using PSO
initial population size= 10
n_generation= 5
n_parents= 4
offspring_size= 4
random agents size= 2
gamma= 0.5
Generation 0
{'nsm': [0, -1, 0, 1, 0, 0, -1], 'asi': [0, 1, -1, -1, 1, 0, 0], 'adf': [1, 0, 0, 0, 1, 1, -1]}
{'nsm': [0, 0, -1, 1, -1, -1, -1], 'asi': [1, -1, 0, 1, 0, 0, -1], 'adf': [-1, -1, 0, -1, 0, 1, -1]}
{'nsm': [-1, 1, 1, 1, 0, 0, -1], 'asi': [-1, -1, 0, -1, 1, -1, -1], 'adf': [-1, 0, -1, 0, 0, 1, 0]}
{'nsm': [1, 0, -1, 1, -1, 0, -1], 'asi': [1, -1, 0, 0, -1, 1, 0], 'adf': [1, -1, 0, 1, 0, 0, 1]}
{'nsm': [-1, 0, 1, 1, 0, -1, -1], 'asi': [-1, -1, 0, 0, 1, 1, 1], 'adf': [1, -1, 0, -1, -1, 0, -1]}
{'nsm': [0, 1, -1, -1, -1, 0, 1], 'asi': [0, 0, 1, 0, 0, -1, 0], 'adf': [0, 0, -1, 1, 0, 1, 1]}
{'nsm': [-1, 0, -1, 1, 0, -1, 1], 'asi': [1, -1, 0, 1, -1, 1, 0], 'adf': [1, 1, 1, 1, -1, 0, 0]}
{'nsm': [-1, 0, -1, -1, 1, 1, 0], 'asi': [-1, 1, -1, -1, -1, -1, 0], 'adf': [0, 1, -1, -1, -1, 0, 0]}
{'nsm': [0, 1, 1, 0, -1, 1, 0], 'asi': [1, 0, 1, -1, -1, -1, -1], 'adf': [-1, -1, 0, 0, 1, 0, -1]}
{'nsm': [0, -1, 1, -1, 0, -1, 1], 'asi': [1, 1, 1, 1, 1, 1, -1], 'adf': [1, -1, 0, 1, -1, -1, -1]}
Detailed mse by temperature for each model{0: [36.67584309324698, 5.524584579768474, 5.542670443303137], 1: [7.042798813459392, 7.011297448176291, 197.45976975839287], 2: [37.85947015519004, 7.044415508783726, 38.643007754186044], 3: [98.46215440892136, 6.523035520257006, 6.539458056244813], 4: [53.25680440541133, 7.521079683019263, 7.525155830373303], 5: [5.55878237170336, 5.530688226239648, 5.546502222169444], 6: [99.47861653208493, 7.540915656803793, 7.560903970527841], 7: [69.03794123962734, 7.554796041028453, 7.562461837812306], 8: [22.358656283491513, 7.012625079412998, 133.969895564755], 9: [116.07739930567729, 9.021900476220534, 9.039482047599716]}
MSE score [15.914366038772863, 70.50462200667619, 27.84896447271994, 37.17488266180773, 22.767679972934634, 5.5453242733708175, 38.19347871980552, 28.051733039489367, 54.447058975886506, 44.71292727649918]
Average MSE result for this generation 34.51610374379627
Best MSE result for this generation is 5.5453242733708175
Generation 1
{'nsm': [0, 1, -1, -1, -1, 0, 1], 'asi': [0, 0, 1, 0, 0, -1, 0], 'adf': [0, 0, -1, 1, 0, 1, 1]}
{'nsm': [0, -1, 0, 1, 0, 0, -1], 'asi': [0, 1, -1, -1, 1, 0, 0], 'adf': [1, 0, 0, 0, 1, 1, -1]}
{'nsm': [-1, 0, 1, 1, 0, -1, -1], 'asi': [-1, -1, 0, 0, 1, 1, 1], 'adf': [1, -1, 0, -1, -1, 0, -1]}
{'nsm': [-1, 1, 1, 1, 0, 0, -1], 'asi': [-1, -1, 0, -1, 1, -1, -1], 'adf': [-1, 0, -1, 0, 0, 1, 0]}
{'nsm': [0, 1, -1, -1, 0, 0, -1], 'asi': [0, 0, 1, 0, 0, 0, 0], 'adf': [0, 0, -1, 1, 0, 1, -1]}
{'nsm': [0, -1, 0, 0, 0, -1, -1], 'asi': [0, 1, -1, 0, 1, 1, 1], 'adf': [1, 0, 0, 0, -1, 0, -1]}
{'nsm': [-1, 0, 1, -1, 0, 0, -1], 'asi': [-1, -1, 0, -1, 1, -1, -1], 'adf': [1, -1, 0, -1, 0, 1, 0]}
{'nsm': [-1, 1, 1, 0, -1, 0, 1], 'asi': [-1, -1, 0, 0, 0, -1, 0], 'adf': [-1, 0, -1, 0, 0, 1, 1]}
{'nsm': [0, 0, 0, 1, 1, -1, 1], 'asi': [0, -1, -1, -1, 0, 0, 1], 'adf': [0, 1, 0, 1, 0, -1, 1]}
{'nsm': [1, -1, 0, 1, 0, -1, -1], 'asi': [0, 1, -1, -1, 1, 1, 0], 'adf': [1, 0, 1, -1, -1, 1, 0]}
Detailed mse by temperature for each model{0: [5.55878237170336, 5.530688226239648, 5.546502222169444], 1: [36.67584309324698, 5.524584579768474, 5.542670443303137], 2: [53.25680440541133, 7.521079683019263, 7.525155830373303], 3: [37.85947015519004, 7.044415508783726, 38.643007754186044], 4: [4.532251928156778, 4.529228577184193, 4.542610906203467], 5: [5.647266050688961, 5.522163596784328, 5.528215539501731], 6: [68.46285933896078, 7.0389894361471494, 37.534279919843236], 7: [98.57158907327765, 6.026468123997612, 6.030292543667599], 8: [99.1955162696636, 6.166763086430052, 37.42995477596578], 9: [7.557399565078034, 7.538910775644789, 7.5484756024031165]}
MSE score [5.5453242733708175, 15.914366038772863, 22.767679972934634, 27.84896447271994, 4.534697137181479, 5.565881728991673, 37.67870956498373, 36.87611658031429, 47.59741137735315, 7.548261981041979]
Average MSE result for this generation 21.187741312766455
Best MSE result for this generation is 4.534697137181479
Generation 2
{'nsm': [0, 1, -1, -1, 0, 0, -1], 'asi': [0, 0, 1, 0, 0, 0, 0], 'adf': [0, 0, -1, 1, 0, 1, -1]}
{'nsm': [0, 1, -1, -1, -1, 0, 1], 'asi': [0, 0, 1, 0, 0, -1, 0], 'adf': [0, 0, -1, 1, 0, 1, 1]}
{'nsm': [0, -1, 0, 0, 0, -1, -1], 'asi': [0, 1, -1, 0, 1, 1, 1], 'adf': [1, 0, 0, 0, -1, 0, -1]}
{'nsm': [1, -1, 0, 1, 0, -1, -1], 'asi': [0, 1, -1, -1, 1, 1, 0], 'adf': [1, 0, 1, -1, -1, 1, 0]}
{'nsm': [0, 1, -1, -1, 0, 0, 1], 'asi': [0, 0, 1, 0, 0, -1, 0], 'adf': [0, 0, -1, 1, 0, 1, 1]}
{'nsm': [0, 1, -1, 0, 0, -1, -1], 'asi': [0, 0, 1, 0, 1, 1, 1], 'adf': [0, 0, -1, 0, -1, 0, -1]}
{'nsm': [0, -1, 0, 0, 0, 1, -1], 'asi': [0, 1, -1, 0, 1, 1, 0], 'adf': [1, 0, 0, 0, -1, 1, 0]}
{'nsm': [1, -1, 0, -1, 0, 0, -1], 'asi': [0, 1, -1, -1, 0, 0, 0], 'adf': [1, 0, 1, -1, 0, 1, -1]}
{'nsm': [0, 1, -1, -1, -1, 0, 1], 'asi': [0, 1, -1, 0, 1, 0, -1], 'adf': [0, -1, -1, -1, -1, -1, -1]}
{'nsm': [-1, 1, 0, 0, 0, 0, 0], 'asi': [0, 1, -1, 0, 0, 0, 1], 'adf': [1, -1, 1, 1, -1, 1, -1]}
Detailed mse by temperature for each model{0: [4.532251928156778, 4.529228577184193, 4.542610906203467], 1: [5.55878237170336, 5.530688226239648, 5.546502222169444], 2: [5.647266050688961, 5.522163596784328, 5.528215539501731], 3: [7.557399565078034, 7.538910775644789, 7.5484756024031165], 4: [5.084808165522841, 5.03015137289707, 5.046813636590929], 5: [5.53237584852778, 5.529121106543105, 5.537736604280368], 6: [12.541496707809287, 5.041220581163692, 5.048631892278269], 7: [67.15801391935861, 6.03950813894875, 6.054789091013024], 8: [53.17560388760793, 7.526436889906769, 37.57505191823015], 9: [67.76980980003628, 6.055812991312968, 6.064524876886168]}
MSE score [4.534697137181479, 5.5453242733708175, 5.565881728991673, 7.548261981041979, 5.05392439167028, 5.533077853117084, 7.543783060417083, 26.417437049773458, 32.759030898581614, 26.63004922274514]
Average MSE result for this generation 12.71314675968906
Best MSE result for this generation is 4.534697137181479
Generation 3
{'nsm': [0, 1, -1, -1, 0, 0, -1], 'asi': [0, 0, 1, 0, 0, 0, 0], 'adf': [0, 0, -1, 1, 0, 1, -1]}
{'nsm': [0, 1, -1, -1, 0, 0, 1], 'asi': [0, 0, 1, 0, 0, -1, 0], 'adf': [0, 0, -1, 1, 0, 1, 1]}
{'nsm': [0, 1, -1, 0, 0, -1, -1], 'asi': [0, 0, 1, 0, 1, 1, 1], 'adf': [0, 0, -1, 0, -1, 0, -1]}
{'nsm': [0, 1, -1, -1, -1, 0, 1], 'asi': [0, 0, 1, 0, 0, -1, 0], 'adf': [0, 0, -1, 1, 0, 1, 1]}
{'nsm': [0, 1, -1, -1, 0, -1, 1], 'asi': [0, 0, 1, 0, 0, -1, 0], 'adf': [0, 0, -1, 1, 0, -1, 1]}
{'nsm': [0, 1, -1, -1, 0, -1, -1], 'asi': [0, 0, 1, 0, 0, 1, 1], 'adf': [0, 0, -1, 1, 0, 0, -1]}
{'nsm': [0, 1, -1, 0, 1, 0, 1], 'asi': [0, 0, 1, 0, 1, -1, 0], 'adf': [0, 0, -1, 0, 1, 1, 1]}
{'nsm': [0, 1, -1, -1, -1, -1, -1], 'asi': [0, 0, 1, 0, 0, -1, 0], 'adf': [0, 0, -1, 1, 0, -1, -1]}
{'nsm': [0, -1, -1, 0, -1, -1, 0], 'asi': [1, 0, -1, 0, -1, 0, 1], 'adf': [0, -1, 1, 0, 0, -1, 0]}
{'nsm': [1, -1, -1, 1, 1, 1, -1], 'asi': [0, -1, 1, 1, -1, -1, -1], 'adf': [-1, -1, -1, -1, -1, -1, -1]}
Detailed mse by temperature for each model{0: [4.532251928156778, 4.529228577184193, 4.542610906203467], 1: [5.084808165522841, 5.03015137289707, 5.046813636590929], 2: [5.53237584852778, 5.529121106543105, 5.537736604280368], 3: [5.55878237170336, 5.530688226239648, 5.546502222169444], 4: [5.59242032764379, 5.528287302236132, 5.539237366381402], 5: [5.547519484857097, 5.533347194086454, 5.5095202515172295], 6: [5.569876833969711, 5.540219865254696, 5.54911721077179], 7: [6.0628725948651585, 6.02693175024899, 6.036700430548474], 8: [51.76063041570149, 5.535154970161442, 5.52856885286513], 9: [163.9920052646899, 10.015061746259788, 121.12707496715117]}
MSE score [4.534697137181479, 5.05392439167028, 5.533077853117084, 5.5453242733708175, 5.553314998753774, 5.530128976820261, 5.553071303332065, 6.0421682585542085, 20.941451412909355, 98.37804732603361]
Average MSE result for this generation 16.266520593174295
Best MSE result for this generation is 4.534697137181479
Generation 4
{'nsm': [0, 1, -1, -1, 0, 0, -1], 'asi': [0, 0, 1, 0, 0, 0, 0], 'adf': [0, 0, -1, 1, 0, 1, -1]}
{'nsm': [0, 1, -1, -1, 0, 0, 1], 'asi': [0, 0, 1, 0, 0, -1, 0], 'adf': [0, 0, -1, 1, 0, 1, 1]}
{'nsm': [0, 1, -1, -1, 0, -1, -1], 'asi': [0, 0, 1, 0, 0, 1, 1], 'adf': [0, 0, -1, 1, 0, 0, -1]}
{'nsm': [0, 1, -1, 0, 0, -1, -1], 'asi': [0, 0, 1, 0, 1, 1, 1], 'adf': [0, 0, -1, 0, -1, 0, -1]}
{'nsm': [0, 1, -1, -1, 1, 0, 1], 'asi': [0, 0, 1, 0, 1, -1, 0], 'adf': [0, 0, -1, 1, 1, 1, 1]}
{'nsm': [0, 1, -1, -1, -1, -1, -1], 'asi': [0, 0, 1, 0, -1, 1, 1], 'adf': [0, 0, -1, 1, -1, 0, -1]}
{'nsm': [0, 1, -1, 0, 0, -1, -1], 'asi': [0, 0, 1, 0, 1, 1, 1], 'adf': [0, 0, -1, 0, -1, 0, -1]}
{'nsm': [0, 1, -1, 0, 0, 1, -1], 'asi': [0, 0, 1, 0, 1, 1, 0], 'adf': [0, 0, -1, 0, -1, 1, -1]}
{'nsm': [1, 0, 1, -1, 1, 0, -1], 'asi': [-1, 0, 1, -1, -1, 1, -1], 'adf': [0, -1, 1, -1, 0, -1, 0]}
{'nsm': [0, 0, 1, 0, 1, 1, 0], 'asi': [0, -1, 1, -1, -1, 0, -1], 'adf': [1, -1, -1, 0, 1, 0, 1]}
Detailed mse by temperature for each model{0: [4.532251928156778, 4.529228577184193, 4.542610906203467], 1: [5.084808165522841, 5.03015137289707, 5.046813636590929], 2: [5.547519484857097, 5.533347194086454, 5.5095202515172295], 3: [5.53237584852778, 5.529121106543105, 5.537736604280368], 4: [7.989645520220847, 6.530267438326884, 6.547190172856876], 5: [7.054325770061437, 7.0229460296143404, 7.008119879791442], 6: [5.5306811398434474, 5.5290215199188575, 5.539427399159275], 7: [5.531909067716016, 5.528861901437205, 5.538650313050251], 8: [69.76993812650394, 23.13032066767504, 166.21160434925812], 9: [6.533255982994912, 6.5232655492567515, 133.47447718649858]}
MSE score [4.534697137181479, 5.05392439167028, 5.530128976820261, 5.533077853117084, 7.0223677104682025, 7.028463893155741, 5.53304335297386, 5.5331404274011575, 86.37062104781238, 48.843666239583406]
Average MSE result for this generation 18.098313103018384
Best MSE result for this generation is 4.534697137181479
Final population
{'nsm': [0, 1, -1, -1, 0, 0, -1], 'asi': [0, 0, 1, 0, 0, 0, 0], 'adf': [0, 0, -1, 1, 0, 1, -1]}
{'nsm': [0, 1, -1, -1, 0, 0, 1], 'asi': [0, 0, 1, 0, 0, -1, 0], 'adf': [0, 0, -1, 1, 0, 1, 1]}
{'nsm': [0, 1, -1, -1, 0, -1, -1], 'asi': [0, 0, 1, 0, 0, 1, 1], 'adf': [0, 0, -1, 1, 0, 0, -1]}
{'nsm': [0, 1, -1, 0, 0, -1, -1], 'asi': [0, 0, 1, 0, 1, 1, 1], 'adf': [0, 0, -1, 0, -1, 0, -1]}
{'nsm': [0, 1, -1, -1, 0, 0, 1], 'asi': [0, 0, 1, 0, 0, 0, 0], 'adf': [0, 0, -1, 1, 0, 0, 1]}
{'nsm': [0, 1, -1, -1, 0, -1, -1], 'asi': [0, 0, 1, -1, 0, 1, 1], 'adf': [0, 0, -1, -1, 0, 0, -1]}
{'nsm': [0, 1, -1, -1, 0, 1, -1], 'asi': [0, 0, 1, 0, 0, 1, 1], 'adf': [0, 0, -1, 1, 0, 1, -1]}
{'nsm': [0, 1, -1, 0, 0, 0, -1], 'asi': [0, 0, 1, 0, 1, 0, 0], 'adf': [0, 0, -1, 0, -1, 0, -1]}
{'nsm': [0, 1, 1, 0, 0, -1, -1], 'asi': [1, 0, 1, -1, 1, -1, 0], 'adf': [0, 1, 1, -1, -1, 1, -1]}
{'nsm': [0, 0, -1, -1, 0, 1, 1], 'asi': [0, 0, -1, 0, -1, -1, -1], 'adf': [0, 1, 0, 1, 0, -1, 1]}
Detailed mse by temperature for each model{0: [4.532251928156778, 4.529228577184193, 4.542610906203467], 1: [5.084808165522841, 5.03015137289707, 5.046813636590929], 2: [5.547519484857097, 5.533347194086454, 5.5095202515172295], 3: [5.5306811398434474, 5.5290215199188575, 5.539427399159275], 4: [4.025111064952836, 4.026259896482764, 4.034774326223037], 5: [37.19747279485541, 21.621171612808837, 20.930824115853426], 6: [6.051576774263469, 6.032101422599928, 6.018296079016748], 7: [4.032345928844757, 4.02934199072328, 4.042632891061505], 8: [7.541253420531764, 7.544479295501777, 7.550502239494069], 9: [68.59064247670509, 21.604013785959076, 180.88973042619548]}
MSE score [4.534697137181479, 5.05392439167028, 5.530128976820261, 5.53304335297386, 4.028715095886212, 26.583156174505888, 6.033991425293382, 4.03477360354318, 7.545411651842536, 90.36146222961987]
Best MSE score is 4.028715095886212
Average MSE result for this generation: 15.923930403933696
Best solution index is 4
total running time12092.962697982788
