using PSO
initial population size= 10
n_generation= 5
n_parents= 4
offspring_size= 4
random agents size= 2
gamma= 0.5
Generation 0
{'nsm': [0, 1, -1, 1, 0, -1, 1], 'asi': [-1, 0, 1, 0, 1, 1, -1], 'adf': [1, 1, -1, 0, -1, -1, 0]}
{'nsm': [0, -1, 0, 0, 0, -1, 0], 'asi': [-1, 1, 1, -1, -1, -1, 0], 'adf': [1, -1, -1, -1, -1, 0, -1]}
{'nsm': [0, -1, -1, 0, 1, 1, -1], 'asi': [1, 1, 1, 0, 1, 0, -1], 'adf': [0, -1, -1, 0, 0, -1, -1]}
{'nsm': [-1, -1, 0, 0, 1, 0, 1], 'asi': [-1, 1, 1, 1, -1, 1, -1], 'adf': [0, 0, 1, -1, 1, -1, 0]}
{'nsm': [1, 1, 1, 0, -1, 1, 1], 'asi': [-1, -1, -1, 1, 1, 0, 1], 'adf': [-1, 0, 1, 0, 0, 1, 0]}
{'nsm': [1, 0, -1, 1, 1, 1, 1], 'asi': [1, -1, 0, 0, 0, 0, 0], 'adf': [1, 0, 0, -1, 1, 0, 1]}
{'nsm': [1, 1, 1, 0, 1, 1, -1], 'asi': [0, -1, 1, -1, -1, -1, 1], 'adf': [-1, -1, -1, -1, 1, -1, -1]}
{'nsm': [0, 1, 1, 0, 0, 0, -1], 'asi': [0, 1, 1, 1, 0, 0, 0], 'adf': [0, 1, 1, 1, -1, -1, 0]}
{'nsm': [0, 1, 0, -1, -1, 0, -1], 'asi': [0, -1, -1, 1, 0, 1, 1], 'adf': [-1, 0, 1, -1, -1, 1, 1]}
{'nsm': [-1, 0, -1, -1, -1, 0, 0], 'asi': [1, 0, -1, 0, 0, 1, 0], 'adf': [-1, 1, 1, -1, -1, 1, 1]}
Detailed mse by temperature for each model{0: [20.57724764076589, 7.545325966051144, 7.555290990972488], 1: [7.033665140557306, 7.037968228974244, 7.040058652108035], 2: [7.030421275185359, 7.026066350857422, 7.040147706904272], 3: [68.66211863939398, 7.540661087990691, 7.548738818003508], 4: [161.51288714573306, 7.551276820326828, 7.565619387079438], 5: [6.050472997336093, 6.037433261571981, 20.959730779327842], 6: [39.6873494215555, 9.520529638832361, 39.5450577477635], 7: [97.48106017993734, 5.546410485284282, 5.562577576364515], 8: [189.79901117187165, 7.530588416895434, 7.526051270870533], 9: [161.01652273780294, 7.054806933224681, 7.067993495044862]}
MSE score [11.892621532596507, 7.037230673879861, 7.032211777649017, 27.917172848462727, 58.87659445104644, 11.015879012745307, 29.584312269383787, 36.19668274719538, 68.28521695321254, 58.379774388690834]
Average MSE result for this generation 31.621769665486237
Best MSE result for this generation is 7.032211777649017
Generation 1
{'nsm': [0, -1, -1, 0, 1, 1, -1], 'asi': [1, 1, 1, 0, 1, 0, -1], 'adf': [0, -1, -1, 0, 0, -1, -1]}
{'nsm': [0, -1, 0, 0, 0, -1, 0], 'asi': [-1, 1, 1, -1, -1, -1, 0], 'adf': [1, -1, -1, -1, -1, 0, -1]}
{'nsm': [1, 0, -1, 1, 1, 1, 1], 'asi': [1, -1, 0, 0, 0, 0, 0], 'adf': [1, 0, 0, -1, 1, 0, 1]}
{'nsm': [0, 1, -1, 1, 0, -1, 1], 'asi': [-1, 0, 1, 0, 1, 1, -1], 'adf': [1, 1, -1, 0, -1, -1, 0]}
{'nsm': [0, -1, -1, 0, 1, 1, 0], 'asi': [1, 1, 1, 0, 1, 1, 0], 'adf': [0, -1, -1, 0, 0, 1, -1]}
{'nsm': [0, -1, 0, 0, 0, -1, 1], 'asi': [-1, 1, 1, -1, -1, -1, 0], 'adf': [1, -1, -1, -1, -1, -1, 1]}
{'nsm': [1, 0, -1, 0, 0, -1, 1], 'asi': [1, -1, 0, 0, 1, 1, -1], 'adf': [1, 0, 0, 0, -1, -1, 0]}
{'nsm': [0, 1, -1, 1, 1, 1, -1], 'asi': [-1, 0, 1, 0, 1, 0, -1], 'adf': [1, 1, -1, 0, 1, -1, -1]}
{'nsm': [1, 0, -1, 0, 0, 0, 0], 'asi': [0, 0, -1, 1, 0, -1, 1], 'adf': [-1, 1, 0, 1, 1, 0, 1]}
{'nsm': [0, -1, 0, 1, -1, 0, 0], 'asi': [-1, 1, 1, -1, 0, 0, 0], 'adf': [-1, 1, 0, -1, 1, -1, -1]}
Detailed mse by temperature for each model{0: [7.030421275185359, 7.026066350857422, 7.040147706904272], 1: [7.033665140557306, 7.037968228974244, 7.040058652108035], 2: [6.050472997336093, 6.037433261571981, 20.959730779327842], 3: [20.57724764076589, 7.545325966051144, 7.555290990972488], 4: [37.14605155655434, 6.539788355841681, 6.548350306059457], 5: [8.028399269001593, 8.026317330406494, 8.03941052574385], 6: [97.97829328755077, 6.041019642745009, 6.059725754323973], 7: [8.036936037556755, 8.039571739430098, 8.047093274602013], 8: [129.10145422855547, 21.220441985467485, 5.514444216698714], 9: [37.34093499187836, 6.525152170159476, 21.448311292634315]}
MSE score [7.032211777649017, 7.037230673879861, 11.015879012745307, 11.892621532596507, 16.74473007281849, 8.03137570838398, 36.693012894873256, 8.041200350529621, 51.945446810240554, 21.771466151557387]
Average MSE result for this generation 18.020517498527397
Best MSE result for this generation is 7.032211777649017
Generation 2
{'nsm': [0, -1, -1, 0, 1, 1, -1], 'asi': [1, 1, 1, 0, 1, 0, -1], 'adf': [0, -1, -1, 0, 0, -1, -1]}
{'nsm': [0, -1, 0, 0, 0, -1, 0], 'asi': [-1, 1, 1, -1, -1, -1, 0], 'adf': [1, -1, -1, -1, -1, 0, -1]}
{'nsm': [0, -1, 0, 0, 0, -1, 1], 'asi': [-1, 1, 1, -1, -1, -1, 0], 'adf': [1, -1, -1, -1, -1, -1, 1]}
{'nsm': [0, 1, -1, 1, 1, 1, -1], 'asi': [-1, 0, 1, 0, 1, 0, -1], 'adf': [1, 1, -1, 0, 1, -1, -1]}
{'nsm': [0, -1, -1, -1, 0, -1, 0], 'asi': [1, 1, 1, -1, -1, -1, 0], 'adf': [0, -1, -1, -1, -1, 0, -1]}
{'nsm': [0, -1, 0, 0, 0, 1, 1], 'asi': [-1, 1, 1, -1, -1, 1, 0], 'adf': [1, -1, -1, -1, -1, 1, 1]}
{'nsm': [0, -1, 0, 0, 0, -1, -1], 'asi': [-1, 1, 1, -1, -1, -1, -1], 'adf': [1, -1, -1, -1, -1, -1, -1]}
{'nsm': [0, 1, -1, -1, 1, 1, -1], 'asi': [-1, 0, 1, -1, 1, 0, -1], 'adf': [1, 1, -1, -1, 0, -1, -1]}
{'nsm': [-1, 0, 0, -1, 0, 1, 1], 'asi': [1, -1, 0, 1, 1, 0, 1], 'adf': [-1, 1, 0, -1, -1, -1, -1]}
{'nsm': [1, -1, 1, 0, -1, 0, 0], 'asi': [1, -1, 1, 0, 0, 1, 1], 'adf': [0, -1, 0, 1, 1, -1, 1]}
Detailed mse by temperature for each model{0: [7.030421275185359, 7.026066350857422, 7.040147706904272], 1: [7.033665140557306, 7.037968228974244, 7.040058652108035], 2: [8.028399269001593, 8.026317330406494, 8.03941052574385], 3: [8.036936037556755, 8.039571739430098, 8.047093274602013], 4: [7.527442392431494, 7.524895631895849, 22.451018572685513], 5: [84.48338870181351, 8.0222696786898, 38.51741866991344], 6: [8.525478233868286, 8.524991319446169, 8.535747752196567], 7: [177.9237416743414, 70.15525846175473, 69.80173171483028], 8: [37.712814574746346, 7.537594966117297, 37.57887193451604], 9: [7.056355740478721, 7.030135165460908, 7.0102120333176074]}
MSE score [7.032211777649017, 7.037230673879861, 8.03137570838398, 8.041200350529621, 12.501118865670952, 43.67435901680559, 8.528739101837008, 105.9602439503088, 27.609760491793224, 7.032234313085745]
Average MSE result for this generation 23.54484742499438
Best MSE result for this generation is 7.032211777649017
Generation 3
{'nsm': [0, -1, -1, 0, 1, 1, -1], 'asi': [1, 1, 1, 0, 1, 0, -1], 'adf': [0, -1, -1, 0, 0, -1, -1]}
{'nsm': [1, -1, 1, 0, -1, 0, 0], 'asi': [1, -1, 1, 0, 0, 1, 1], 'adf': [0, -1, 0, 1, 1, -1, 1]}
{'nsm': [0, -1, 0, 0, 0, -1, 0], 'asi': [-1, 1, 1, -1, -1, -1, 0], 'adf': [1, -1, -1, -1, -1, 0, -1]}
{'nsm': [0, -1, 0, 0, 0, -1, 1], 'asi': [-1, 1, 1, -1, -1, -1, 0], 'adf': [1, -1, -1, -1, -1, -1, 1]}
{'nsm': [0, -1, -1, 0, 0, 0, 0], 'asi': [1, 1, 1, 0, 0, 1, 1], 'adf': [0, -1, -1, 0, 0, -1, 1]}
{'nsm': [1, -1, 1, 0, 0, -1, 0], 'asi': [1, -1, 1, 0, -1, -1, 0], 'adf': [0, -1, 0, 0, -1, 0, -1]}
{'nsm': [0, -1, 0, -1, 0, -1, 1], 'asi': [-1, 1, 1, -1, -1, -1, 0], 'adf': [1, -1, -1, -1, -1, -1, 1]}
{'nsm': [0, -1, 0, 0, 0, 1, -1], 'asi': [-1, 1, 1, -1, -1, 1, -1], 'adf': [1, -1, -1, -1, -1, 1, -1]}
{'nsm': [0, -1, 0, 1, -1, -1, 1], 'asi': [0, 0, 1, 0, 0, -1, 0], 'adf': [1, 1, 1, 1, -1, 1, 1]}
{'nsm': [0, -1, 1, -1, 0, 1, 1], 'asi': [1, 1, 0, -1, -1, -1, 1], 'adf': [0, 0, 1, 0, -1, 1, 1]}
Detailed mse by temperature for each model{0: [7.030421275185359, 7.026066350857422, 7.040147706904272], 1: [7.056355740478721, 7.030135165460908, 7.0102120333176074], 2: [7.033665140557306, 7.037968228974244, 7.040058652108035], 3: [8.028399269001593, 8.026317330406494, 8.03941052574385], 4: [36.139341051786516, 5.5298754337407185, 5.543473244298453], 5: [6.1203162111475145, 6.0294647467623115, 6.043128434495863], 6: [8.526743329432149, 8.524435503656171, 8.537808610855343], 7: [100.78753063638717, 8.522995690439512, 8.528004385519726], 8: [7.074409318387032, 7.040221118358977, 7.056534448407568], 9: [130.69983025477353, 7.545311244847762, 7.56319689783445]}
MSE score [7.032211777649017, 7.032234313085745, 7.037230673879861, 8.03137570838398, 15.73756324327523, 6.064303130801896, 8.529662481314555, 39.279510237448804, 7.057054961717859, 48.60277946581858]
Average MSE result for this generation 15.440392599337551
Best MSE result for this generation is 6.064303130801896
Generation 4
{'nsm': [1, -1, 1, 0, 0, -1, 0], 'asi': [1, -1, 1, 0, -1, -1, 0], 'adf': [0, -1, 0, 0, -1, 0, -1]}
{'nsm': [0, -1, -1, 0, 1, 1, -1], 'asi': [1, 1, 1, 0, 1, 0, -1], 'adf': [0, -1, -1, 0, 0, -1, -1]}
{'nsm': [1, -1, 1, 0, -1, 0, 0], 'asi': [1, -1, 1, 0, 0, 1, 1], 'adf': [0, -1, 0, 1, 1, -1, 1]}
{'nsm': [0, -1, 0, 0, 0, -1, 0], 'asi': [-1, 1, 1, -1, -1, -1, 0], 'adf': [1, -1, -1, -1, -1, 0, -1]}
{'nsm': [1, -1, 1, 0, 0, -1, -1], 'asi': [1, -1, 1, 0, -1, -1, -1], 'adf': [0, -1, 0, 0, -1, -1, -1]}
{'nsm': [0, -1, -1, -1, -1, 0, 0], 'asi': [1, 1, 1, -1, 0, 1, 1], 'adf': [0, -1, -1, -1, 1, -1, 1]}
{'nsm': [1, -1, 1, 0, 1, -1, 0], 'asi': [1, -1, 1, 0, 1, -1, 0], 'adf': [0, -1, 0, 1, 1, 0, -1]}
{'nsm': [0, -1, 0, 1, 0, -1, 0], 'asi': [-1, 1, 1, 1, -1, -1, 0], 'adf': [1, -1, -1, 1, -1, 0, -1]}
{'nsm': [1, 0, 1, 0, 1, -1, -1], 'asi': [-1, -1, 0, 0, 1, 1, -1], 'adf': [1, 0, 0, 0, 0, -1, 1]}
{'nsm': [-1, 0, 1, 0, -1, 1, -1], 'asi': [1, 0, -1, -1, 1, 0, 1], 'adf': [1, -1, 1, -1, 1, 0, 0]}
Detailed mse by temperature for each model{0: [6.1203162111475145, 6.0294647467623115, 6.043128434495863], 1: [7.030421275185359, 7.026066350857422, 7.040147706904272], 2: [7.056355740478721, 7.030135165460908, 7.0102120333176074], 3: [7.033665140557306, 7.037968228974244, 7.040058652108035], 4: [22.883407091497826, 7.507445367217923, 134.4685077068728], 5: [38.635863234285004, 8.026234479335697, 23.60838953915659], 6: [8.024026972348434, 7.035907759302272, 7.038042702163716], 7: [161.49345090232958, 7.53286075016591, 7.544545589620949], 8: [67.645300496956, 6.5221986328731045, 6.5231697540644795], 9: [7.536329190131006, 7.538666609718386, 7.555705560032123]}
MSE score [6.064303130801896, 7.032211777649017, 7.032234313085745, 7.037230673879861, 54.95312005519619, 23.423495750925763, 7.36599247793814, 58.85695241403882, 26.896889627964526, 7.543567119960506]
Average MSE result for this generation 20.620599734144044
Best MSE result for this generation is 6.064303130801896
Final population
{'nsm': [1, -1, 1, 0, 0, -1, 0], 'asi': [1, -1, 1, 0, -1, -1, 0], 'adf': [0, -1, 0, 0, -1, 0, -1]}
{'nsm': [0, -1, -1, 0, 1, 1, -1], 'asi': [1, 1, 1, 0, 1, 0, -1], 'adf': [0, -1, -1, 0, 0, -1, -1]}
{'nsm': [1, -1, 1, 0, -1, 0, 0], 'asi': [1, -1, 1, 0, 0, 1, 1], 'adf': [0, -1, 0, 1, 1, -1, 1]}
{'nsm': [0, -1, 0, 0, 0, -1, 0], 'asi': [-1, 1, 1, -1, -1, -1, 0], 'adf': [1, -1, -1, -1, -1, 0, -1]}
{'nsm': [1, -1, 1, 0, 0, 1, -1], 'asi': [1, -1, 1, 0, -1, 1, -1], 'adf': [0, -1, 0, 0, -1, 1, -1]}
{'nsm': [0, -1, -1, 0, 0, 0, 0], 'asi': [1, 1, 1, 0, 0, 1, 1], 'adf': [0, -1, -1, 0, 0, -1, 1]}
{'nsm': [1, -1, 1, -1, 0, -1, 0], 'asi': [1, -1, 1, -1, -1, -1, 0], 'adf': [0, -1, 0, -1, -1, 0, -1]}
{'nsm': [0, -1, 0, -1, 0, -1, 0], 'asi': [-1, 1, 1, -1, -1, -1, 0], 'adf': [1, -1, -1, -1, -1, 0, -1]}
{'nsm': [1, 0, -1, 0, 1, 0, 0], 'asi': [1, 1, -1, -1, 0, 1, 1], 'adf': [1, 0, -1, -1, 0, 1, 0]}
{'nsm': [-1, -1, 0, -1, 0, 0, 0], 'asi': [-1, 1, -1, 0, 0, 1, 0], 'adf': [-1, -1, 1, 1, -1, -1, 1]}
Detailed mse by temperature for each model{0: [6.1203162111475145, 6.0294647467623115, 6.043128434495863], 1: [7.030421275185359, 7.026066350857422, 7.040147706904272], 2: [7.056355740478721, 7.030135165460908, 7.0102120333176074], 3: [7.033665140557306, 7.037968228974244, 7.040058652108035], 4: [23.115472656273255, 7.510532483897968, 134.72164961652388], 5: [36.14127858117773, 5.529889287974099, 5.542277133650454], 6: [38.130097396589846, 7.525160544873912, 54.01673842605793], 7: [7.527019716035348, 22.889437394584817, 22.452423156997398], 8: [160.51654311527275, 6.559814735748521, 6.570237854603082], 9: [37.8489315544753, 37.97966623832634, 68.60085519984567]}
MSE score [6.064303130801896, 7.032211777649017, 7.032234313085745, 7.037230673879861, 55.11588491889837, 15.737815000934093, 33.2239987891739, 17.622960089205854, 57.88219856854145, 48.14315099754911]
Best MSE score is 6.064303130801896
Average MSE result for this generation: 25.48919882597193
Best solution index is 0
total running time11990.047485113144
