using PSO
initial population size= 10
n_generation= 5
n_parents= 4
offspring_size= 4
random agents size= 2
gamma= 0.5
Generation 0
{'nsm': [-1, 0, 1, 0, 0, 1, -1], 'asi': [1, 1, 1, -1, -1, 0, 0], 'adf': [0, 0, 1, 1, -1, 1, 0]}
{'nsm': [1, 1, 0, -1, 1, -1, -1], 'asi': [1, 1, 0, 0, 0, 1, 0], 'adf': [-1, -1, -1, -1, 0, -1, 0]}
{'nsm': [0, 0, 1, 0, -1, 0, -1], 'asi': [-1, -1, 1, 0, 0, -1, -1], 'adf': [1, -1, 1, 1, 1, -1, 1]}
{'nsm': [0, 1, 0, -1, -1, 0, -1], 'asi': [1, 0, -1, -1, 0, -1, -1], 'adf': [-1, 0, -1, 0, 0, 0, -1]}
{'nsm': [0, -1, 0, 0, 0, 1, 0], 'asi': [0, -1, 0, 0, 1, -1, 0], 'adf': [-1, 1, 0, 0, 0, 1, 1]}
{'nsm': [-1, 0, -1, 0, 0, 0, 0], 'asi': [1, -1, 1, 1, 1, -1, -1], 'adf': [0, 1, 1, 0, -1, -1, 0]}
{'nsm': [-1, -1, 1, -1, 0, 0, 0], 'asi': [0, -1, 1, 1, -1, 1, -1], 'adf': [1, -1, 0, 0, 0, 1, 1]}
{'nsm': [-1, -1, -1, 1, 0, 0, 1], 'asi': [0, 0, 0, 1, 0, 1, 0], 'adf': [1, 1, 0, -1, 1, 1, 0]}
{'nsm': [0, -1, 1, 0, 1, -1, -1], 'asi': [0, -1, 1, 0, 0, 1, 1], 'adf': [-1, 0, 0, -1, 0, 0, 0]}
{'nsm': [0, -1, 1, -1, 1, -1, 0], 'asi': [0, 1, 1, 1, -1, 0, -1], 'adf': [0, -1, 0, 1, 0, 0, 1]}
Detailed mse by temperature for each model{0: [37.14468539279676, 6.538673022502292, 6.546635961786599], 1: [98.98111793917352, 7.0463647502279905, 7.063064399494682], 2: [7.568621145273341, 7.5245087715440135, 150.39860012671238], 3: [99.49470038699975, 100.32041894526775, 196.46192941732352], 4: [157.47531110747383, 4.53562851431953, 34.57655270901748], 5: [160.51232024498972, 6.549130235494833, 6.5643878480475335], 6: [37.65397249066504, 7.012548912520986, 133.96183634545397], 7: [6.039796547130919, 6.038681394274519, 6.048146052316557], 8: [5.546792219172742, 5.533983817405049, 5.525245531947643], 9: [98.46465658714513, 6.5279244953466575, 6.542995449680405]}
MSE score [16.74333145902855, 37.69684902963206, 55.163910014509916, 132.092349583197, 65.52916411027029, 57.87527944284403, 59.542785916213326, 6.042207997907332, 5.535340522841811, 37.178525510724064]
Average MSE result for this generation 47.33997435871684
Best MSE result for this generation is 5.535340522841811
Generation 1
{'nsm': [0, -1, 1, 0, 1, -1, -1], 'asi': [0, -1, 1, 0, 0, 1, 1], 'adf': [-1, 0, 0, -1, 0, 0, 0]}
{'nsm': [-1, -1, -1, 1, 0, 0, 1], 'asi': [0, 0, 0, 1, 0, 1, 0], 'adf': [1, 1, 0, -1, 1, 1, 0]}
{'nsm': [-1, 0, 1, 0, 0, 1, -1], 'asi': [1, 1, 1, -1, -1, 0, 0], 'adf': [0, 0, 1, 1, -1, 1, 0]}
{'nsm': [0, -1, 1, -1, 1, -1, 0], 'asi': [0, 1, 1, 1, -1, 0, -1], 'adf': [0, -1, 0, 1, 0, 0, 1]}
{'nsm': [0, -1, 1, 1, 0, 0, 1], 'asi': [0, -1, 1, 1, 0, 1, 0], 'adf': [-1, 0, 0, 1, 1, 1, 0]}
{'nsm': [-1, -1, -1, 1, 0, 0, -1], 'asi': [0, 0, 0, 1, 0, 0, 0], 'adf': [1, 1, 0, -1, 1, 0, 0]}
{'nsm': [-1, 0, 1, 0, 0, 0, 0], 'asi': [1, 1, 1, -1, -1, 0, -1], 'adf': [0, 0, 1, 1, -1, 0, 1]}
{'nsm': [0, -1, 1, -1, 0, -1, -1], 'asi': [0, 1, 1, 1, 0, 1, 1], 'adf': [0, -1, 0, 1, 0, 0, 0]}
{'nsm': [-1, -1, 1, -1, -1, 1, 0], 'asi': [-1, 1, -1, 1, 1, 0, 0], 'adf': [0, 1, 0, -1, 0, 1, 1]}
{'nsm': [0, 0, 0, 1, 1, -1, 1], 'asi': [1, 1, 0, 0, 1, 1, 1], 'adf': [1, 0, 1, 1, 1, 1, 0]}
Detailed mse by temperature for each model{0: [5.546792219172742, 5.533983817405049, 5.525245531947643], 1: [6.039796547130919, 6.038681394274519, 6.048146052316557], 2: [37.14468539279676, 6.538673022502292, 6.546635961786599], 3: [98.46465658714513, 6.5279244953466575, 6.542995449680405], 4: [36.65012627375644, 6.039474758932477, 6.0477030563595795], 5: [5.066393838322673, 5.054013818625022, 5.064116341275777], 6: [6.039395720012694, 6.044837497978534, 6.048849981471943], 7: [67.22844231775849, 6.040043659935025, 6.048078164087062], 8: [161.50432904444617, 7.534912936098266, 7.554045573166096], 9: [98.97902950868368, 7.041154909284083, 7.060876293391963]}
MSE score [5.535340522841811, 6.042207997907332, 16.74333145902855, 37.178525510724064, 16.245768029682832, 5.061507999407824, 6.044361066487724, 26.438854713926858, 58.86442918457018, 37.69368690378658]
Average MSE result for this generation 21.584801338836378
Best MSE result for this generation is 5.061507999407824
Generation 2
{'nsm': [-1, -1, -1, 1, 0, 0, -1], 'asi': [0, 0, 0, 1, 0, 0, 0], 'adf': [1, 1, 0, -1, 1, 0, 0]}
{'nsm': [0, -1, 1, 0, 1, -1, -1], 'asi': [0, -1, 1, 0, 0, 1, 1], 'adf': [-1, 0, 0, -1, 0, 0, 0]}
{'nsm': [-1, -1, -1, 1, 0, 0, 1], 'asi': [0, 0, 0, 1, 0, 1, 0], 'adf': [1, 1, 0, -1, 1, 1, 0]}
{'nsm': [-1, 0, 1, 0, 0, 0, 0], 'asi': [1, 1, 1, -1, -1, 0, -1], 'adf': [0, 0, 1, 1, -1, 0, 1]}
{'nsm': [-1, -1, -1, 1, 0, 1, -1], 'asi': [0, 0, 0, 1, 0, 1, 1], 'adf': [1, 1, 0, -1, 1, 1, 0]}
{'nsm': [0, -1, 1, 0, -1, 0, 1], 'asi': [0, -1, 1, 0, -1, 1, 0], 'adf': [-1, 0, 0, -1, -1, 1, 0]}
{'nsm': [-1, -1, -1, 1, -1, 0, 0], 'asi': [0, 0, 0, 1, -1, 0, -1], 'adf': [1, 1, 0, -1, -1, 0, 1]}
{'nsm': [-1, 0, 1, 0, -1, 0, -1], 'asi': [1, 1, 1, -1, -1, 0, 0], 'adf': [0, 0, 1, 1, -1, 0, 0]}
{'nsm': [1, 0, 0, 1, 0, 0, 0], 'asi': [0, 1, 1, 1, 1, 0, -1], 'adf': [-1, -1, 1, -1, -1, 0, -1]}
{'nsm': [0, -1, 1, 0, 0, -1, 1], 'asi': [1, 1, 1, 1, -1, 1, 1], 'adf': [-1, 1, 1, -1, 1, 1, 1]}
Detailed mse by temperature for each model{0: [5.066393838322673, 5.054013818625022, 5.064116341275777], 1: [5.546792219172742, 5.533983817405049, 5.525245531947643], 2: [6.039796547130919, 6.038681394274519, 6.048146052316557], 3: [6.039395720012694, 6.044837497978534, 6.048849981471943], 4: [7.065009607247994, 7.045567290255777, 7.028448843947103], 5: [6.037124433252887, 6.038895667579821, 6.047581610783634], 6: [175.99632396957193, 161.29449712600902, 351.6123145619344], 7: [36.92272719751957, 6.03825122991506, 6.045357195855262], 8: [98.48140099921503, 6.546546404985607, 6.563923317986618], 9: [100.979069669904, 9.041189742700189, 9.060878388885376]}
MSE score [5.061507999407824, 5.535340522841811, 6.042207997907332, 6.044361066487724, 7.046341913816957, 6.041200570538781, 229.63437855250513, 16.335445207763296, 37.19729024072908, 39.69371260049652]
Average MSE result for this generation 35.86317866724944
Best MSE result for this generation is 5.061507999407824
Generation 3
{'nsm': [-1, -1, -1, 1, 0, 0, -1], 'asi': [0, 0, 0, 1, 0, 0, 0], 'adf': [1, 1, 0, -1, 1, 0, 0]}
{'nsm': [0, -1, 1, 0, 1, -1, -1], 'asi': [0, -1, 1, 0, 0, 1, 1], 'adf': [-1, 0, 0, -1, 0, 0, 0]}
{'nsm': [0, -1, 1, 0, -1, 0, 1], 'asi': [0, -1, 1, 0, -1, 1, 0], 'adf': [-1, 0, 0, -1, -1, 1, 0]}
{'nsm': [-1, -1, -1, 1, 0, 0, 1], 'asi': [0, 0, 0, 1, 0, 1, 0], 'adf': [1, 1, 0, -1, 1, 1, 0]}
{'nsm': [-1, -1, -1, 1, 1, -1, -1], 'asi': [0, 0, 0, 1, 1, 1, 1], 'adf': [1, 1, 0, -1, 1, 0, 0]}
{'nsm': [0, -1, 1, 0, -1, 0, 1], 'asi': [0, -1, 1, 0, -1, 1, 0], 'adf': [-1, 0, 0, 0, -1, 1, 0]}
{'nsm': [0, -1, 1, -1, 0, 0, 1], 'asi': [0, -1, 1, -1, 0, 1, 0], 'adf': [-1, 0, 0, -1, 1, 1, 0]}
{'nsm': [-1, -1, -1, 1, -1, 0, -1], 'asi': [0, 0, 0, 1, -1, 0, 0], 'adf': [1, 1, 0, -1, -1, 0, 0]}
{'nsm': [0, 0, 1, 1, 1, 0, 1], 'asi': [-1, -1, 0, 1, 0, 0, 1], 'adf': [-1, 1, -1, 0, 0, 1, -1]}
{'nsm': [0, 0, 0, 0, 1, -1, 0], 'asi': [-1, -1, 1, -1, 0, 0, 0], 'adf': [-1, 1, 1, -1, 0, -1, 0]}
Detailed mse by temperature for each model{0: [5.066393838322673, 5.054013818625022, 5.064116341275777], 1: [5.546792219172742, 5.533983817405049, 5.525245531947643], 2: [6.037124433252887, 6.038895667579821, 6.047581610783634], 3: [6.039796547130919, 6.038681394274519, 6.048146052316557], 4: [7.538558094879271, 7.537998360343677, 7.5472566899203954], 5: [5.538073708470173, 5.539105677576759, 5.546729244913968], 6: [98.60678537374397, 6.038797194027995, 6.049060096833944], 7: [129.07810802981913, 160.82190582095015, 160.9678194684744], 8: [67.18238157746194, 6.513014485290952, 51.82248666800896], 9: [36.15205762729544, 5.5543110236831295, 5.558280181523668]}
MSE score [5.061507999407824, 5.535340522841811, 6.041200570538781, 6.042207997907332, 7.541271048381115, 5.541302876986967, 36.898214221535305, 150.28927777308124, 41.83929424358728, 15.754882944167413]
Average MSE result for this generation 28.05445001984351
Best MSE result for this generation is 5.061507999407824
Generation 4
{'nsm': [-1, -1, -1, 1, 0, 0, -1], 'asi': [0, 0, 0, 1, 0, 0, 0], 'adf': [1, 1, 0, -1, 1, 0, 0]}
{'nsm': [0, -1, 1, 0, 1, -1, -1], 'asi': [0, -1, 1, 0, 0, 1, 1], 'adf': [-1, 0, 0, -1, 0, 0, 0]}
{'nsm': [0, -1, 1, 0, -1, 0, 1], 'asi': [0, -1, 1, 0, -1, 1, 0], 'adf': [-1, 0, 0, 0, -1, 1, 0]}
{'nsm': [0, -1, 1, 0, -1, 0, 1], 'asi': [0, -1, 1, 0, -1, 1, 0], 'adf': [-1, 0, 0, -1, -1, 1, 0]}
{'nsm': [-1, -1, -1, 1, 0, 0, -1], 'asi': [0, 0, 0, 1, 0, 0, 1], 'adf': [1, 1, 0, -1, 1, 0, 0]}
{'nsm': [0, -1, 1, 1, -1, 0, 1], 'asi': [0, -1, 1, 1, -1, 1, 0], 'adf': [-1, 0, 0, 1, -1, 1, 0]}
{'nsm': [0, -1, 1, 0, 1, 0, 1], 'asi': [0, -1, 1, 0, 1, 1, 0], 'adf': [-1, 0, 0, 0, 1, 1, 0]}
{'nsm': [0, -1, 1, 0, -1, 0, -1], 'asi': [0, -1, 1, 0, -1, 0, 0], 'adf': [-1, 0, 0, -1, -1, 0, 0]}
{'nsm': [-1, 1, 1, -1, -1, -1, 0], 'asi': [0, 0, 0, 0, 1, -1, -1], 'adf': [1, 1, 1, 0, 0, 1, -1]}
{'nsm': [-1, 0, 0, 1, 0, 0, -1], 'asi': [0, 1, 1, 1, 0, -1, 1], 'adf': [1, -1, 1, 1, -1, 0, 0]}
Detailed mse by temperature for each model{0: [5.066393838322673, 5.054013818625022, 5.064116341275777], 1: [5.546792219172742, 5.533983817405049, 5.525245531947643], 2: [5.538073708470173, 5.539105677576759, 5.546729244913968], 3: [6.037124433252887, 6.038895667579821, 6.047581610783634], 4: [5.561633920947073, 5.533356878311149, 5.526687725021478], 5: [37.65630895622985, 7.038689480205428, 7.04519656129077], 6: [5.5397855312441555, 5.541124392355252, 5.548314658612641], 7: [5.037900723983413, 5.038905876098241, 5.053667985743873], 8: [129.8246504164079, 7.045224210723657, 7.061193002745694], 9: [191.6277270648616, 68.16480963698953, 68.11771525028047]}
MSE score [5.061507999407824, 5.535340522841811, 5.541302876986967, 6.041200570538781, 5.540559508093234, 17.246731665908683, 5.543074860737349, 5.0434915286085085, 47.977022543292414, 109.3034173173772]
Average MSE result for this generation 21.283364939379275
Best MSE result for this generation is 5.0434915286085085
Final population
{'nsm': [0, -1, 1, 0, -1, 0, -1], 'asi': [0, -1, 1, 0, -1, 0, 0], 'adf': [-1, 0, 0, -1, -1, 0, 0]}
{'nsm': [-1, -1, -1, 1, 0, 0, -1], 'asi': [0, 0, 0, 1, 0, 0, 0], 'adf': [1, 1, 0, -1, 1, 0, 0]}
{'nsm': [0, -1, 1, 0, 1, -1, -1], 'asi': [0, -1, 1, 0, 0, 1, 1], 'adf': [-1, 0, 0, -1, 0, 0, 0]}
{'nsm': [-1, -1, -1, 1, 0, 0, -1], 'asi': [0, 0, 0, 1, 0, 0, 1], 'adf': [1, 1, 0, -1, 1, 0, 0]}
{'nsm': [0, -1, 1, -1, 0, 0, -1], 'asi': [0, -1, 1, -1, 0, 0, 0], 'adf': [-1, 0, 0, -1, 1, 0, 0]}
{'nsm': [-1, -1, -1, 1, 0, 0, -1], 'asi': [0, 0, 0, 1, 0, 0, 1], 'adf': [1, 1, 0, -1, 1, 0, 0]}
{'nsm': [0, -1, 1, 0, 0, 0, -1], 'asi': [0, -1, 1, 0, 0, 0, 1], 'adf': [-1, 0, 0, -1, 0, 0, 0]}
{'nsm': [-1, -1, -1, 1, 0, 0, -1], 'asi': [0, 0, 0, 1, 0, 0, 0], 'adf': [1, 1, 0, -1, 0, 0, 0]}
{'nsm': [0, -1, 0, 1, -1, -1, 0], 'asi': [1, -1, 1, 1, -1, 1, 0], 'adf': [0, -1, 0, -1, 1, -1, 1]}
{'nsm': [0, 0, -1, 0, 0, 0, 0], 'asi': [0, -1, -1, -1, 0, 0, 1], 'adf': [0, 0, 1, -1, 1, -1, 0]}
Detailed mse by temperature for each model{0: [5.037900723983413, 5.038905876098241, 5.053667985743873], 1: [5.066393838322673, 5.054013818625022, 5.064116341275777], 2: [5.546792219172742, 5.533983817405049, 5.525245531947643], 3: [5.561633920947073, 5.533356878311149, 5.526687725021478], 4: [66.15987098671168, 5.039352836317321, 5.045689907346422], 5: [5.5616557578166805, 5.533357025242791, 5.526724682196268], 6: [4.0519968925972405, 4.038093702047397, 4.024265012764641], 7: [158.68188395684834, 159.3244546469206, 190.44901846521938], 8: [99.46589795949122, 7.528562445602804, 23.11679666942462], 9: [51.489862388018075, 20.226446612214556, 35.77357824916672]}
MSE score [5.0434915286085085, 5.061507999407824, 5.535340522841811, 5.540559508093234, 25.414971243458478, 5.540579155085246, 4.038118535803092, 169.4851190229961, 43.37041902483955, 35.82996241646645]
Best MSE score is 4.038118535803092
Average MSE result for this generation: 30.486006895760028
Best solution index is 6
total running time12649.407512187958
