using PSO
initial population size= 10
n_generation= 5
n_parents= 4
offspring_size= 4
random agents size= 2
gamma= 0.5
Generation 0
{'nsm': [1, 1, -1, -1, 1, 1, 0], 'asi': [-1, 1, 0, 1, 0, 1, 0], 'adf': [-1, 0, 1, -1, -1, -1, 1]}
{'nsm': [1, -1, 0, 1, 0, 0, 0], 'asi': [0, 1, 1, -1, -1, 0, 0], 'adf': [-1, 1, 0, 1, 0, -1, 0]}
{'nsm': [-1, 1, 0, 1, 1, 1, 1], 'asi': [0, -1, 0, -1, 0, 1, 0], 'adf': [0, -1, -1, 0, 0, 0, -1]}
{'nsm': [0, -1, 0, -1, 0, 1, 0], 'asi': [1, -1, 0, -1, -1, -1, 1], 'adf': [1, -1, 0, 1, 0, 1, -1]}
{'nsm': [1, -1, 0, 1, -1, -1, -1], 'asi': [1, -1, 0, 1, 1, 0, 0], 'adf': [1, 1, 1, 1, -1, 0, 1]}
{'nsm': [1, 0, 0, -1, 0, 1, 1], 'asi': [1, 0, 1, -1, 0, 1, 0], 'adf': [1, -1, 1, 1, 1, 1, -1]}
{'nsm': [-1, 1, 1, 1, -1, 1, 1], 'asi': [1, 0, 0, 1, 1, 0, 0], 'adf': [1, 1, 1, 1, 0, -1, 0]}
{'nsm': [1, -1, 1, 1, 0, 0, 1], 'asi': [1, 0, 1, 0, 1, 0, -1], 'adf': [1, -1, -1, 0, 0, -1, 0]}
{'nsm': [0, 0, 1, 0, -1, 0, 0], 'asi': [0, -1, -1, 1, 0, 1, 1], 'adf': [-1, -1, -1, 0, 0, -1, 1]}
{'nsm': [0, 1, 0, 1, 1, 0, 1], 'asi': [1, -1, 0, -1, 0, 0, 0], 'adf': [1, -1, 0, -1, 0, 0, 1]}
Detailed mse by temperature for each model{0: [69.1712399006179, 8.056117146423226, 8.050577373930583], 1: [98.11231493289388, 36.771880576120054, 170.8968948075744], 2: [6.037866429777177, 6.039105756412353, 6.043083153359514], 3: [176.64231929217516, 53.50377270115288, 52.62041394720542], 4: [8.066952887576193, 8.054194771031646, 8.065056915468459], 5: [38.16648719508933, 7.541707129242367, 7.553776655959854], 6: [7.569864069597324, 7.560511210905218, 7.568715927042368], 7: [6.537877603904939, 6.538790610468471, 37.03647930320028], 8: [21.632166124224007, 21.21716412144778, 6.00724481843128], 9: [5.555680865524917, 5.542731925886944, 5.549958197979797]}
MSE score [28.425978140323902, 101.92703010552945, 6.040018446516348, 94.25550198017783, 8.062068191358767, 17.75399032676385, 7.566363735848303, 16.704382505857897, 16.28552502136769, 5.549456996463886]
Average MSE result for this generation 30.257031545020787
Best MSE result for this generation is 5.549456996463886
Generation 1
{'nsm': [0, 1, 0, 1, 1, 0, 1], 'asi': [1, -1, 0, -1, 0, 0, 0], 'adf': [1, -1, 0, -1, 0, 0, 1]}
{'nsm': [-1, 1, 0, 1, 1, 1, 1], 'asi': [0, -1, 0, -1, 0, 1, 0], 'adf': [0, -1, -1, 0, 0, 0, -1]}
{'nsm': [-1, 1, 1, 1, -1, 1, 1], 'asi': [1, 0, 0, 1, 1, 0, 0], 'adf': [1, 1, 1, 1, 0, -1, 0]}
{'nsm': [1, -1, 0, 1, -1, -1, -1], 'asi': [1, -1, 0, 1, 1, 0, 0], 'adf': [1, 1, 1, 1, -1, 0, 1]}
{'nsm': [0, 1, 0, 1, -1, 1, 1], 'asi': [1, -1, 0, -1, -1, 1, 0], 'adf': [1, -1, 0, -1, -1, 0, -1]}
{'nsm': [-1, 1, 0, -1, -1, 1, 1], 'asi': [0, -1, 0, -1, 1, 0, 0], 'adf': [0, -1, -1, -1, 0, -1, 0]}
{'nsm': [-1, 1, 1, -1, -1, -1, -1], 'asi': [1, 0, 0, -1, 1, 0, 0], 'adf': [1, 1, 1, -1, -1, 0, 1]}
{'nsm': [1, -1, 0, 1, 1, 0, 1], 'asi': [1, -1, 0, 1, 0, 0, 0], 'adf': [1, 1, 1, 1, 0, 0, 1]}
{'nsm': [0, 0, -1, 1, -1, -1, 1], 'asi': [1, -1, 0, -1, -1, 0, -1], 'adf': [-1, 1, 1, 0, 0, 0, 0]}
{'nsm': [-1, -1, -1, 1, 0, 0, -1], 'asi': [1, 1, 0, 0, -1, -1, 0], 'adf': [0, -1, 0, 0, 1, 0, -1]}
Detailed mse by temperature for each model{0: [5.555680865524917, 5.542731925886944, 5.549958197979797], 1: [6.037866429777177, 6.039105756412353, 6.043083153359514], 2: [7.569864069597324, 7.560511210905218, 7.568715927042368], 3: [8.066952887576193, 8.054194771031646, 8.065056915468459], 4: [99.47346541278465, 38.011168782182736, 7.549579899669748], 5: [6.573951748737887, 6.56977382896256, 6.571882702767906], 6: [162.1851551226586, 131.94113814474485, 162.97010812234257], 7: [6.5666594799292595, 6.554493668186306, 6.565306764618524], 8: [6.564954399317225, 6.532022410821355, 211.89605981795333], 9: [129.18692712701375, 6.0291207019473365, 6.051751183365115]}
MSE score [5.549456996463886, 6.040018446516348, 7.566363735848303, 8.062068191358767, 48.34473803154571, 6.571869426822784, 152.36546712991534, 6.5621533042446965, 74.99767887603063, 47.08926633744207]
Average MSE result for this generation 36.31490804761886
Best MSE result for this generation is 5.549456996463886
Generation 2
{'nsm': [0, 1, 0, 1, 1, 0, 1], 'asi': [1, -1, 0, -1, 0, 0, 0], 'adf': [1, -1, 0, -1, 0, 0, 1]}
{'nsm': [-1, 1, 0, 1, 1, 1, 1], 'asi': [0, -1, 0, -1, 0, 1, 0], 'adf': [0, -1, -1, 0, 0, 0, -1]}
{'nsm': [1, -1, 0, 1, 1, 0, 1], 'asi': [1, -1, 0, 1, 0, 0, 0], 'adf': [1, 1, 1, 1, 0, 0, 1]}
{'nsm': [-1, 1, 0, -1, -1, 1, 1], 'asi': [0, -1, 0, -1, 1, 0, 0], 'adf': [0, -1, -1, -1, 0, -1, 0]}
{'nsm': [0, 1, 0, 1, 1, 0, 1], 'asi': [1, -1, 0, -1, 0, 0, 0], 'adf': [1, -1, 0, -1, 0, 0, -1]}
{'nsm': [-1, 1, 0, -1, 1, 0, 1], 'asi': [0, -1, 0, -1, 0, 0, 0], 'adf': [0, -1, -1, -1, 0, 0, 1]}
{'nsm': [1, -1, 0, 1, 1, 1, 1], 'asi': [1, -1, 0, 1, 1, 0, 0], 'adf': [1, 1, 1, 1, 1, -1, 0]}
{'nsm': [-1, 1, 0, -1, -1, 0, 1], 'asi': [0, -1, 0, -1, 1, 0, 0], 'adf': [0, -1, -1, -1, 0, 0, 1]}
{'nsm': [1, 1, 1, 1, 1, 0, 0], 'asi': [0, 1, 1, -1, 0, 1, 0], 'adf': [-1, 0, 1, -1, -1, -1, 0]}
{'nsm': [-1, 1, 0, 1, -1, 0, 1], 'asi': [-1, 0, 0, 1, 0, 0, -1], 'adf': [0, 1, -1, -1, -1, 1, 0]}
Detailed mse by temperature for each model{0: [5.555680865524917, 5.542731925886944, 5.549958197979797], 1: [6.037866429777177, 6.039105756412353, 6.043083153359514], 2: [6.5666594799292595, 6.554493668186306, 6.565306764618524], 3: [6.573951748737887, 6.56977382896256, 6.571882702767906], 4: [5.562191929336685, 20.74651935149172, 20.464237231767925], 5: [5.55270128800837, 5.540791232222361, 20.462447581229867], 6: [8.067374354952534, 8.05627250606202, 8.064659096195376], 7: [6.052699277363193, 6.040823180215586, 20.962450734324385], 8: [69.00490997359142, 7.04598532347792, 1972641.5449900914], 9: [6.565762817699827, 6.5393665937744885, 196.98378021818658]}
MSE score [5.549456996463886, 6.040018446516348, 6.5621533042446965, 6.571869426822784, 15.59098283753211, 10.518646700486867, 8.062768652403312, 11.018657730634388, 657572.5319617961, 70.02963654322029]
Average MSE result for this generation 65771.24761524345
Best MSE result for this generation is 5.549456996463886
Generation 3
{'nsm': [0, 1, 0, 1, 1, 0, 1], 'asi': [1, -1, 0, -1, 0, 0, 0], 'adf': [1, -1, 0, -1, 0, 0, 1]}
{'nsm': [-1, 1, 0, 1, 1, 1, 1], 'asi': [0, -1, 0, -1, 0, 1, 0], 'adf': [0, -1, -1, 0, 0, 0, -1]}
{'nsm': [1, -1, 0, 1, 1, 0, 1], 'asi': [1, -1, 0, 1, 0, 0, 0], 'adf': [1, 1, 1, 1, 0, 0, 1]}
{'nsm': [-1, 1, 0, -1, -1, 1, 1], 'asi': [0, -1, 0, -1, 1, 0, 0], 'adf': [0, -1, -1, -1, 0, -1, 0]}
{'nsm': [0, 1, 0, 1, 1, -1, 1], 'asi': [1, -1, 0, -1, 0, -1, 0], 'adf': [1, -1, 0, -1, 0, -1, -1]}
{'nsm': [-1, 1, 0, 0, 1, 0, 1], 'asi': [0, -1, 0, 0, 0, 0, 0], 'adf': [0, -1, -1, 0, 0, 0, 1]}
{'nsm': [1, -1, 0, 1, -1, 1, 1], 'asi': [1, -1, 0, 1, 1, 0, 0], 'adf': [1, 1, 1, 1, 0, -1, 0]}
{'nsm': [-1, 1, 0, -1, -1, 0, 1], 'asi': [0, -1, 0, -1, -1, 0, 0], 'adf': [0, -1, -1, -1, -1, 0, 1]}
{'nsm': [-1, 0, 1, -1, 1, 0, -1], 'asi': [1, 1, -1, -1, 1, -1, -1], 'adf': [0, 0, -1, -1, 0, 1, 1]}
{'nsm': [1, 1, -1, 0, 0, 1, 1], 'asi': [0, 0, 0, -1, 0, 0, 1], 'adf': [-1, 1, 0, -1, 1, 1, -1]}
Detailed mse by temperature for each model{0: [5.555680865524917, 5.542731925886944, 5.549958197979797], 1: [6.037866429777177, 6.039105756412353, 6.043083153359514], 2: [6.5666594799292595, 6.554493668186306, 6.565306764618524], 3: [6.573951748737887, 6.56977382896256, 6.571882702767906], 4: [130.18547277289917, 22.237066910165545, 7.0511390346032154], 5: [4.065548188331619, 4.055037862919901, 4.060304719498953], 6: [7.5678202161031995, 7.556918008234843, 7.5668742796912465], 7: [6.552699499508607, 6.540802583870479, 21.462450519836878], 8: [131.11297894581327, 8.025614217154155, 8.04644985788015], 9: [6.556376513540872, 6.524240757630755, 6.518338437112735]}
MSE score [5.549456996463886, 6.040018446516348, 6.5621533042446965, 6.571869426822784, 53.157892905889305, 4.060296923583492, 7.563870834676429, 11.518650867738655, 49.06168100694919, 6.532985236094788]
Average MSE result for this generation 15.661887594897957
Best MSE result for this generation is 4.060296923583492
Generation 4
{'nsm': [-1, 1, 0, 0, 1, 0, 1], 'asi': [0, -1, 0, 0, 0, 0, 0], 'adf': [0, -1, -1, 0, 0, 0, 1]}
{'nsm': [0, 1, 0, 1, 1, 0, 1], 'asi': [1, -1, 0, -1, 0, 0, 0], 'adf': [1, -1, 0, -1, 0, 0, 1]}
{'nsm': [-1, 1, 0, 1, 1, 1, 1], 'asi': [0, -1, 0, -1, 0, 1, 0], 'adf': [0, -1, -1, 0, 0, 0, -1]}
{'nsm': [1, 1, -1, 0, 0, 1, 1], 'asi': [0, 0, 0, -1, 0, 0, 1], 'adf': [-1, 1, 0, -1, 1, 1, -1]}
{'nsm': [-1, 1, 0, 0, 0, 0, 1], 'asi': [0, -1, 0, 0, 0, 0, 0], 'adf': [0, -1, -1, 0, 0, 0, 1]}
{'nsm': [0, 1, 0, 0, 1, 1, 1], 'asi': [1, -1, 0, 0, 0, 1, 0], 'adf': [1, -1, 0, 0, 0, 0, -1]}
{'nsm': [-1, 1, 0, 1, 0, 1, 1], 'asi': [0, -1, 0, -1, 0, 0, 1], 'adf': [0, -1, -1, 0, 0, 1, -1]}
{'nsm': [1, 1, -1, 0, -1, 0, 1], 'asi': [0, 0, 0, -1, -1, 0, 0], 'adf': [-1, 1, 0, -1, -1, 0, 1]}
{'nsm': [-1, -1, 1, 0, -1, 0, 1], 'asi': [1, 0, 1, 1, 0, 1, -1], 'adf': [0, -1, -1, 1, 0, 0, 0]}
{'nsm': [-1, 1, 0, 0, 0, -1, -1], 'asi': [0, -1, 1, -1, 1, -1, 1], 'adf': [0, 0, -1, 0, 0, 1, 0]}
Detailed mse by temperature for each model{0: [4.065548188331619, 4.055037862919901, 4.060304719498953], 1: [5.555680865524917, 5.542731925886944, 5.549958197979797], 2: [6.037866429777177, 6.039105756412353, 6.043083153359514], 3: [6.556376513540872, 6.524240757630755, 6.518338437112735], 4: [3.5655481883321225, 3.5550378629195594, 3.5603047195000848], 5: [112.08673608668822, 5.038174028915146, 5.047148855992952], 6: [6.0600019136938945, 6.0316606898139105, 6.021739874347485], 7: [6.053508725010062, 6.041275513285753, 36.53596179107572], 8: [115.03936050977856, 84.785815369038, 196.97946450592482], 9: [6.046935925905775, 6.0550031977246865, 37.65179645567652]}
MSE score [4.060296923583492, 5.549456996463886, 6.040018446516348, 6.532985236094788, 3.560296923583922, 40.724019657198774, 6.037800825951763, 16.21024867645718, 132.26821346158047, 16.58457852643566]
Average MSE result for this generation 23.756791567386628
Best MSE result for this generation is 3.560296923583922
Final population
{'nsm': [-1, 1, 0, 0, 0, 0, 1], 'asi': [0, -1, 0, 0, 0, 0, 0], 'adf': [0, -1, -1, 0, 0, 0, 1]}
{'nsm': [-1, 1, 0, 0, 1, 0, 1], 'asi': [0, -1, 0, 0, 0, 0, 0], 'adf': [0, -1, -1, 0, 0, 0, 1]}
{'nsm': [0, 1, 0, 1, 1, 0, 1], 'asi': [1, -1, 0, -1, 0, 0, 0], 'adf': [1, -1, 0, -1, 0, 0, 1]}
{'nsm': [-1, 1, 0, 1, 0, 1, 1], 'asi': [0, -1, 0, -1, 0, 0, 1], 'adf': [0, -1, -1, 0, 0, 1, -1]}
{'nsm': [-1, 1, 0, 0, 0, 1, 1], 'asi': [0, -1, 0, 0, 0, 1, 0], 'adf': [0, -1, -1, 0, 0, 1, 1]}
{'nsm': [-1, 1, 0, 0, 1, 0, 1], 'asi': [0, -1, 0, 0, 0, 0, 0], 'adf': [0, -1, -1, 0, 0, 0, 1]}
{'nsm': [0, 1, 0, 1, 1, 0, 1], 'asi': [1, -1, 0, -1, 0, 0, 1], 'adf': [1, -1, 0, -1, 0, 0, -1]}
{'nsm': [-1, 1, 0, -1, 0, 0, 1], 'asi': [0, -1, 0, -1, 0, 0, 0], 'adf': [0, -1, -1, -1, 0, 0, 1]}
{'nsm': [0, 1, 0, 0, 0, -1, 1], 'asi': [0, 1, 0, 0, 0, 0, -1], 'adf': [1, 0, 0, 1, -1, 1, 0]}
{'nsm': [-1, 0, -1, 1, 0, 1, 0], 'asi': [1, 0, 1, 0, 1, -1, 0], 'adf': [-1, -1, 1, 0, 1, 0, 0]}
Detailed mse by temperature for each model{0: [3.5655481883321225, 3.5550378629195594, 3.5603047195000848], 1: [4.065548188331619, 4.055037862919901, 4.060304719498953], 2: [5.555680865524917, 5.542731925886944, 5.549958197979797], 3: [6.0600019136938945, 6.0316606898139105, 6.021739874347485], 4: [5.0378843265727005, 5.039192036960367, 5.043204158097004], 5: [4.065548188329722, 4.055037862917455, 4.060304719504804], 6: [6.054240434226891, 21.38087232653317, 6.013236631389155], 7: [5.052701421024855, 5.040804694678881, 19.962456787239233], 8: [4.57425830745215, 4.57014580103131, 4.571596253716952], 9: [6.086442577723158, 6.044511156369542, 6.054285397559921]}
MSE score [3.560296923583922, 4.060296923583492, 5.549456996463886, 6.037800825951763, 5.040093507210024, 4.060296923583993, 11.14944979738307, 10.01865430098099, 4.57200012073347, 6.061746377217541]
Best MSE score is 3.560296923583922
Average MSE result for this generation: 6.011009269669215
Best solution index is 0
total running time11115.870383739471
