using PSO
initial population size= 10
n_generation= 5
n_parents= 4
offspring_size= 4
random agents size= 2
gamma= 0.5
Generation 0
{'nsm': [0, 1, 1, 1, -1, 1, 1], 'asi': [-1, 1, 0, -1, 1, 0, 0], 'adf': [0, 1, -1, -1, -1, 1, 0]}
{'nsm': [1, 0, 1, 1, 1, 1, 0], 'asi': [0, 0, 0, 0, 1, 1, 0], 'adf': [1, 1, 1, -1, 1, 1, 1]}
{'nsm': [-1, -1, 1, 0, -1, 1, 1], 'asi': [0, -1, 0, -1, 1, 0, 0], 'adf': [1, 1, -1, -1, 1, 1, -1]}
{'nsm': [0, 0, -1, 0, 0, -1, 0], 'asi': [-1, -1, 1, 0, -1, -1, 0], 'adf': [1, -1, 1, 0, 0, 0, -1]}
{'nsm': [1, 1, 0, 0, -1, 1, 1], 'asi': [1, 0, 0, 0, 1, -1, 1], 'adf': [0, 1, 1, 1, 1, 1, -1]}
{'nsm': [1, 1, -1, -1, 1, 0, -1], 'asi': [0, 0, -1, 1, 0, 1, 1], 'adf': [0, 1, 0, 0, 0, -1, 1]}
{'nsm': [-1, -1, -1, 0, -1, -1, 0], 'asi': [1, 1, 0, 1, 0, 1, 0], 'adf': [0, 1, 0, 0, 0, 1, 0]}
{'nsm': [1, 1, -1, 1, 0, -1, 1], 'asi': [-1, 1, -1, -1, 0, 0, 0], 'adf': [1, 1, -1, 1, 1, 0, 0]}
{'nsm': [-1, 1, -1, 1, -1, 1, 1], 'asi': [1, 1, 1, 0, 1, 1, 1], 'adf': [1, -1, 0, 0, 1, -1, 1]}
{'nsm': [-1, 0, -1, 1, 0, -1, -1], 'asi': [0, 1, 1, 1, -1, 0, -1], 'adf': [-1, 1, 0, 1, 1, -1, 0]}
Detailed mse by temperature for each model{0: [7.570487113272761, 7.560165414518057, 7.568280660695022], 1: [7.047352869068631, 7.054415485961271, 7.055578494142415], 2: [8.057911025991052, 8.039216898196152, 8.052931589943665], 3: [5.554686600021537, 5.544946581058027, 36.03990196171827], 4: [161.5179617023578, 7.560232594935224, 7.570680991304893], 5: [68.25903564196788, 22.210994980327662, 6.520526577611683], 6: [97.48211160744692, 5.54677016743237, 5.563712115984779], 7: [7.539965816167819, 7.544895478863222, 7.558828950206615], 8: [39.63902902273409, 9.029730850624743, 9.043792589190739], 9: [99.47789492256814, 7.540626884189857, 7.559351922035213]}
MSE score [7.566311062828613, 7.052448949724106, 8.050019838043623, 15.713178380932613, 58.88295842953264, 32.330185733302415, 36.19753129695469, 7.547896748412552, 19.237517487516524, 38.19262457626441]
Average MSE result for this generation 23.077067250351217
Best MSE result for this generation is 7.052448949724106
Generation 1
{'nsm': [1, 0, 1, 1, 1, 1, 0], 'asi': [0, 0, 0, 0, 1, 1, 0], 'adf': [1, 1, 1, -1, 1, 1, 1]}
{'nsm': [1, 1, -1, 1, 0, -1, 1], 'asi': [-1, 1, -1, -1, 0, 0, 0], 'adf': [1, 1, -1, 1, 1, 0, 0]}
{'nsm': [0, 1, 1, 1, -1, 1, 1], 'asi': [-1, 1, 0, -1, 1, 0, 0], 'adf': [0, 1, -1, -1, -1, 1, 0]}
{'nsm': [-1, -1, 1, 0, -1, 1, 1], 'asi': [0, -1, 0, -1, 1, 0, 0], 'adf': [1, 1, -1, -1, 1, 1, -1]}
{'nsm': [1, 0, 1, -1, 0, -1, 1], 'asi': [0, 0, 0, -1, 0, 0, 0], 'adf': [1, 1, 1, -1, 1, 0, 0]}
{'nsm': [1, 1, -1, 1, -1, 1, 1], 'asi': [-1, 1, -1, 1, 1, 0, 0], 'adf': [1, 1, -1, 1, -1, 1, 0]}
{'nsm': [0, 1, 1, 1, -1, 1, 1], 'asi': [-1, 1, 0, 1, 1, 0, 0], 'adf': [0, 1, -1, 1, 1, 1, -1]}
{'nsm': [-1, -1, 1, 0, -1, -1, 0], 'asi': [0, -1, 0, -1, 1, -1, 0], 'adf': [1, 1, -1, -1, 1, -1, 1]}
{'nsm': [-1, -1, 1, 0, 1, 1, 0], 'asi': [0, 0, 1, 0, 0, 1, 0], 'adf': [0, -1, 0, 1, 1, -1, -1]}
{'nsm': [0, 1, 0, -1, -1, 0, 0], 'asi': [0, 0, 0, 0, -1, 1, 0], 'adf': [-1, 1, 0, 1, -1, 0, -1]}
Detailed mse by temperature for each model{0: [7.047352869068631, 7.054415485961271, 7.055578494142415], 1: [7.539965816167819, 7.544895478863222, 7.558828950206615], 2: [7.570487113272761, 7.560165414518057, 7.568280660695022], 3: [8.057911025991052, 8.039216898196152, 8.052931589943665], 4: [5.566324326842407, 5.554003863329416, 5.5645439363292635], 5: [163.01406878032034, 9.050401782658625, 9.069602987641847], 6: [8.060999954362085, 8.044855948838638, 8.055765941921297], 7: [130.80729245058774, 8.026248488348207, 23.610638508744287], 8: [6.027963863063081, 6.035559860144591, 6.036302022594118], 9: [5.0251357563590116, 5.024698539795061, 19.945055379954514]}
MSE score [7.052448949724106, 7.547896748412552, 7.566311062828613, 8.050019838043623, 5.561624042167028, 60.3780245168736, 8.053873948374006, 54.14805981589342, 6.033275248600597, 9.998296558702862]
Average MSE result for this generation 17.438983072962042
Best MSE result for this generation is 5.561624042167028
Generation 2
{'nsm': [1, 0, 1, -1, 0, -1, 1], 'asi': [0, 0, 0, -1, 0, 0, 0], 'adf': [1, 1, 1, -1, 1, 0, 0]}
{'nsm': [-1, -1, 1, 0, 1, 1, 0], 'asi': [0, 0, 1, 0, 0, 1, 0], 'adf': [0, -1, 0, 1, 1, -1, -1]}
{'nsm': [1, 0, 1, 1, 1, 1, 0], 'asi': [0, 0, 0, 0, 1, 1, 0], 'adf': [1, 1, 1, -1, 1, 1, 1]}
{'nsm': [1, 1, -1, 1, 0, -1, 1], 'asi': [-1, 1, -1, -1, 0, 0, 0], 'adf': [1, 1, -1, 1, 1, 0, 0]}
{'nsm': [1, 0, 1, 1, 1, 1, 0], 'asi': [0, 0, 0, 1, 0, 1, 0], 'adf': [1, 1, 1, 1, 1, -1, -1]}
{'nsm': [-1, -1, 1, -1, 1, 1, 0], 'asi': [0, 0, 1, -1, 1, 1, 0], 'adf': [0, -1, 0, -1, 1, 1, 1]}
{'nsm': [1, 0, 1, 1, 0, -1, 1], 'asi': [0, 0, 0, 1, 0, 0, 0], 'adf': [1, 1, 1, 1, 1, 0, 0]}
{'nsm': [1, 1, -1, 0, 0, -1, 1], 'asi': [-1, 1, -1, 0, 0, 0, 0], 'adf': [1, 1, -1, 0, 1, 0, 0]}
{'nsm': [1, 0, 0, -1, -1, -1, 0], 'asi': [1, 0, 0, 0, -1, 1, 0], 'adf': [1, -1, 0, 1, -1, -1, -1]}
{'nsm': [-1, 1, 0, 0, 0, 1, 1], 'asi': [1, 1, 0, 0, -1, 1, 1], 'adf': [0, 0, -1, 0, 0, 1, -1]}
Detailed mse by temperature for each model{0: [5.566324326842407, 5.554003863329416, 5.5645439363292635], 1: [6.027963863063081, 6.035559860144591, 6.036302022594118], 2: [7.047352869068631, 7.054415485961271, 7.055578494142415], 3: [7.539965816167819, 7.544895478863222, 7.558828950206615], 4: [7.046240640476078, 7.053921551469954, 7.054388558123925], 5: [68.87025257059315, 7.539422164098337, 7.542900925847664], 6: [5.566261421292235, 5.553924207042789, 5.564132856281504], 7: [36.647122662101026, 6.045831543359506, 6.061407670338839], 8: [113.5081400659529, 21.732669122833244, 6.542616967456599], 9: [97.9772155865635, 6.041690587623491, 6.055670389215801]}
MSE score [5.561624042167028, 6.033275248600597, 7.052448949724106, 7.547896748412552, 7.0515169166899865, 27.984191886846386, 5.561439494872176, 16.25145395859979, 47.26114205208092, 36.69152552113427]
Average MSE result for this generation 16.69965148191278
Best MSE result for this generation is 5.561439494872176
Generation 3
{'nsm': [1, 0, 1, 1, 0, -1, 1], 'asi': [0, 0, 0, 1, 0, 0, 0], 'adf': [1, 1, 1, 1, 1, 0, 0]}
{'nsm': [1, 0, 1, -1, 0, -1, 1], 'asi': [0, 0, 0, -1, 0, 0, 0], 'adf': [1, 1, 1, -1, 1, 0, 0]}
{'nsm': [-1, -1, 1, 0, 1, 1, 0], 'asi': [0, 0, 1, 0, 0, 1, 0], 'adf': [0, -1, 0, 1, 1, -1, -1]}
{'nsm': [1, 0, 1, 1, 1, 1, 0], 'asi': [0, 0, 0, 1, 0, 1, 0], 'adf': [1, 1, 1, 1, 1, -1, -1]}
{'nsm': [1, 0, 1, 1, 0, 1, 1], 'asi': [0, 0, 0, 1, 0, 1, 0], 'adf': [1, 1, 1, 1, 1, 1, 0]}
{'nsm': [1, 0, 1, -1, 1, 1, 0], 'asi': [0, 0, 0, -1, 1, 1, 0], 'adf': [1, 1, 1, -1, 1, -1, -1]}
{'nsm': [-1, -1, 1, 0, 0, 1, 0], 'asi': [0, 0, 1, 0, 0, 1, 0], 'adf': [0, -1, 0, 1, 0, -1, -1]}
{'nsm': [1, 0, 1, 1, 1, -1, 1], 'asi': [0, 0, 0, 1, 1, 0, 0], 'adf': [1, 1, 1, 1, 1, 0, 0]}
{'nsm': [-1, 1, 0, 0, 0, 1, -1], 'asi': [-1, 1, 1, -1, -1, -1, 1], 'adf': [1, 0, -1, 1, 0, 0, 1]}
{'nsm': [1, 0, 0, 0, 1, -1, 1], 'asi': [0, -1, 0, -1, 1, 1, 0], 'adf': [1, -1, -1, -1, -1, 1, -1]}
Detailed mse by temperature for each model{0: [5.566261421292235, 5.553924207042789, 5.564132856281504], 1: [5.566324326842407, 5.554003863329416, 5.5645439363292635], 2: [6.027963863063081, 6.035559860144591, 6.036302022594118], 3: [7.046240640476078, 7.053921551469954, 7.054388558123925], 4: [6.539700999287354, 6.538556588420457, 6.548185322763982], 5: [7.5462878866801475, 7.553928002990814, 7.554782982073472], 6: [5.025460008551636, 5.025051641196818, 5.030079572950462], 7: [6.566268020103117, 6.553855974894437, 6.5640804608854735], 8: [7.528430664415454, 7.535605840239594, 7.539434697772059], 9: [7.522570711293036, 7.522292354679863, 7.527669514762494]}
MSE score [5.561439494872176, 5.561624042167028, 6.033275248600597, 7.0515169166899865, 6.54214763682393, 7.551666290581477, 5.026863740899639, 6.5614014852943425, 7.5344904008090365, 7.524177526911797]
Average MSE result for this generation 6.4948602783650005
Best MSE result for this generation is 5.026863740899639
Generation 4
{'nsm': [-1, -1, 1, 0, 0, 1, 0], 'asi': [0, 0, 1, 0, 0, 1, 0], 'adf': [0, -1, 0, 1, 0, -1, -1]}
{'nsm': [1, 0, 1, 1, 0, -1, 1], 'asi': [0, 0, 0, 1, 0, 0, 0], 'adf': [1, 1, 1, 1, 1, 0, 0]}
{'nsm': [1, 0, 1, -1, 0, -1, 1], 'asi': [0, 0, 0, -1, 0, 0, 0], 'adf': [1, 1, 1, -1, 1, 0, 0]}
{'nsm': [-1, -1, 1, 0, 1, 1, 0], 'asi': [0, 0, 1, 0, 0, 1, 0], 'adf': [0, -1, 0, 1, 1, -1, -1]}
{'nsm': [-1, -1, 1, 0, 0, -1, 1], 'asi': [0, 0, 1, 0, 0, 0, 0], 'adf': [0, -1, 0, 0, 1, 0, 0]}
{'nsm': [1, 0, 1, 1, 0, 1, 1], 'asi': [0, 0, 0, 1, 0, 1, 0], 'adf': [1, 1, 1, 1, 1, 1, 0]}
{'nsm': [1, 0, 1, -1, 0, 1, 0], 'asi': [0, 0, 0, -1, 0, 1, 0], 'adf': [1, 1, 1, -1, 0, -1, -1]}
{'nsm': [-1, -1, 1, -1, 0, 1, 0], 'asi': [0, 0, 1, -1, 0, 1, 0], 'adf': [0, -1, 0, -1, 0, -1, -1]}
{'nsm': [1, 0, -1, 0, 1, 0, -1], 'asi': [0, -1, 1, -1, 1, -1, 0], 'adf': [-1, 0, 1, 1, 0, 0, 1]}
{'nsm': [0, 0, 1, 0, -1, 1, 0], 'asi': [1, 1, -1, 0, 1, 0, 1], 'adf': [0, 0, -1, 0, 1, 1, 1]}
Detailed mse by temperature for each model{0: [5.025460008551636, 5.025051641196818, 5.030079572950462], 1: [5.566261421292235, 5.553924207042789, 5.564132856281504], 2: [5.566324326842407, 5.554003863329416, 5.5645439363292635], 3: [6.027963863063081, 6.035559860144591, 6.036302022594118], 4: [4.0387905417064385, 4.039071295516545, 4.0522946630073005], 5: [6.53970950824775, 6.538578319906584, 6.548169648513881], 6: [160.1575510065672, 160.81171226517907, 160.9524662052548], 7: [36.54346564641186, 6.025229842331297, 20.95269255276147], 8: [6.643927463229681, 6.5500099167209465, 38.18495992974246], 9: [36.63771492008392, 6.030742346664633, 6.0490896512544055]}
MSE score [5.026863740899639, 5.561439494872176, 5.561624042167028, 6.033275248600597, 4.043385500076761, 6.542152492222738, 160.6405764923337, 21.173796013834878, 17.12629910323103, 16.239182306000988]
Average MSE result for this generation 24.794859443423952
Best MSE result for this generation is 4.043385500076761
Final population
{'nsm': [-1, -1, 1, 0, 0, -1, 1], 'asi': [0, 0, 1, 0, 0, 0, 0], 'adf': [0, -1, 0, 0, 1, 0, 0]}
{'nsm': [-1, -1, 1, 0, 0, 1, 0], 'asi': [0, 0, 1, 0, 0, 1, 0], 'adf': [0, -1, 0, 1, 0, -1, -1]}
{'nsm': [1, 0, 1, 1, 0, -1, 1], 'asi': [0, 0, 0, 1, 0, 0, 0], 'adf': [1, 1, 1, 1, 1, 0, 0]}
{'nsm': [1, 0, 1, -1, 0, -1, 1], 'asi': [0, 0, 0, -1, 0, 0, 0], 'adf': [1, 1, 1, -1, 1, 0, 0]}
{'nsm': [-1, -1, 1, 0, 0, 1, 0], 'asi': [0, 0, 1, 0, 0, 1, 0], 'adf': [0, -1, 0, 0, 0, -1, -1]}
{'nsm': [-1, -1, 1, -1, 0, -1, 1], 'asi': [0, 0, 1, -1, 0, 0, 0], 'adf': [0, -1, 0, -1, 1, 0, 0]}
{'nsm': [1, 0, 1, 1, 0, -1, 1], 'asi': [0, 0, 0, 1, 0, 0, 0], 'adf': [1, 1, 1, 1, 0, 0, 0]}
{'nsm': [1, 0, 1, -1, -1, -1, 1], 'asi': [0, 0, 0, -1, -1, 0, 0], 'adf': [1, 1, 1, -1, -1, 0, 0]}
{'nsm': [0, 1, -1, -1, 1, 1, 0], 'asi': [0, -1, 0, 1, -1, 1, -1], 'adf': [-1, -1, -1, 1, 0, 0, -1]}
{'nsm': [1, -1, -1, 0, 1, 1, -1], 'asi': [0, 1, 1, 1, 1, -1, 1], 'adf': [1, 1, 0, -1, 0, 0, 1]}
Detailed mse by temperature for each model{0: [4.0387905417064385, 4.039071295516545, 4.0522946630073005], 1: [5.025460008551636, 5.025051641196818, 5.030079572950462], 2: [5.566261421292235, 5.553924207042789, 5.564132856281504], 3: [5.566324326842407, 5.554003863329416, 5.5645439363292635], 4: [4.533393656873648, 4.529368536453915, 4.539778050291183], 5: [36.35535359751586, 5.53838740715624, 21.29772232087393], 6: [5.066753515632948, 5.054733760036782, 5.066011507989416], 7: [160.68200746273845, 130.28366252239212, 161.467004446678], 8: [22.64649580494865, 7.519498114359668, 118.61901718564033], 9: [237.95964818279285, 38.71940357944402, 68.8929022991075]}
MSE score [4.043385500076761, 5.026863740899639, 5.561439494872176, 5.561624042167028, 4.534180081206249, 21.06382110851534, 5.062499594553048, 150.81089147726954, 49.595003701649546, 115.19065135378146]
Best MSE score is 4.043385500076761
Average MSE result for this generation: 36.64503600949908
Best solution index is 0
total running time11919.380430221558
