using PSO
initial population size= 10
n_generation= 5
n_parents= 4
offspring_size= 4
random agents size= 2
gamma= 0.5
Generation 0
{'nsm': [-1, -1, 1, -1, 1, 0, 0], 'asi': [1, -1, 0, 1, 1, 1, 0], 'adf': [-1, 0, -1, -1, -1, -1, -1]}
{'nsm': [-1, -1, 1, 0, -1, 1, -1], 'asi': [1, -1, 0, 0, 1, -1, 0], 'adf': [0, 1, 1, 1, 1, 0, 0]}
{'nsm': [-1, 1, 1, 0, -1, -1, -1], 'asi': [1, 0, -1, -1, -1, 0, 0], 'adf': [0, 1, 0, 1, -1, 1, 1]}
{'nsm': [1, -1, -1, 1, -1, -1, 1], 'asi': [0, 0, 0, 0, 1, 1, 1], 'adf': [0, -1, -1, -1, 0, 0, 1]}
{'nsm': [1, 0, 1, -1, 0, -1, 1], 'asi': [-1, 1, 0, -1, 1, 0, 1], 'adf': [-1, -1, 1, 0, 0, -1, 0]}
{'nsm': [-1, 0, 0, 1, 1, 1, 1], 'asi': [1, 0, 0, -1, -1, -1, -1], 'adf': [-1, 1, 1, 1, -1, -1, 0]}
{'nsm': [1, 1, 0, -1, 0, 0, 0], 'asi': [1, -1, 0, 0, 1, -1, 0], 'adf': [0, -1, 1, -1, 0, 1, 1]}
{'nsm': [0, -1, 1, 1, 1, 0, -1], 'asi': [0, 0, 0, 0, 1, 1, 0], 'adf': [0, 1, 0, -1, 0, -1, 1]}
{'nsm': [1, -1, 0, 1, 0, 0, 0], 'asi': [-1, 1, 0, -1, 1, 0, 1], 'adf': [0, -1, 0, -1, -1, 0, -1]}
{'nsm': [-1, 0, 1, 0, 0, 1, -1], 'asi': [0, 0, 0, 0, -1, 1, 1], 'adf': [-1, -1, 1, 0, -1, -1, -1]}
Detailed mse by temperature for each model{0: [115.0831120475894, 8.02984896768871, 22.960337667920534], 1: [161.01150080085282, 7.043879921444278, 7.062460607955039], 2: [38.1365203129738, 7.5297646268796266, 7.546913046138781], 3: [7.02212558840305, 7.019511903542042, 21.942702152217212], 4: [7.066997195437034, 7.054200083539247, 7.065486744864513], 5: [101.52690524405625, 133.563389189789, 407.5788046939039], 6: [129.1974325459853, 6.0542990780665775, 6.066395555811823], 7: [5.523457396807198, 5.5204127766438615, 21.101015960327302], 8: [6.053367611376183, 6.04088576957852, 20.963391238592656], 9: [6.552491799785485, 6.537870266531214, 6.524751729177875]}
MSE score [48.69109956106621, 58.37261377675071, 17.737732661997402, 11.994779881387435, 7.062228007946932, 214.22303304258307, 47.1060423932879, 10.714962044592788, 11.019214873182454, 6.538371265164858]
Average MSE result for this generation 43.34600775079598
Best MSE result for this generation is 6.538371265164858
Generation 1
{'nsm': [-1, 0, 1, 0, 0, 1, -1], 'asi': [0, 0, 0, 0, -1, 1, 1], 'adf': [-1, -1, 1, 0, -1, -1, -1]}
{'nsm': [1, 0, 1, -1, 0, -1, 1], 'asi': [-1, 1, 0, -1, 1, 0, 1], 'adf': [-1, -1, 1, 0, 0, -1, 0]}
{'nsm': [0, -1, 1, 1, 1, 0, -1], 'asi': [0, 0, 0, 0, 1, 1, 0], 'adf': [0, 1, 0, -1, 0, -1, 1]}
{'nsm': [1, -1, 0, 1, 0, 0, 0], 'asi': [-1, 1, 0, -1, 1, 0, 1], 'adf': [0, -1, 0, -1, -1, 0, -1]}
{'nsm': [-1, 0, 1, 0, 0, -1, 1], 'asi': [0, 0, 0, 0, 1, 0, 1], 'adf': [-1, -1, 1, 0, 0, -1, 0]}
{'nsm': [1, 0, 1, -1, 0, 0, -1], 'asi': [-1, 1, 0, -1, 0, 1, 0], 'adf': [-1, -1, 1, 0, 0, -1, 1]}
{'nsm': [0, -1, 1, 1, 1, 0, 0], 'asi': [0, 0, 0, 0, 1, 0, 1], 'adf': [0, 1, 0, -1, 0, 0, -1]}
{'nsm': [1, -1, 0, 1, 0, 1, -1], 'asi': [-1, 1, 0, -1, 1, 1, 1], 'adf': [0, -1, 0, -1, -1, 1, -1]}
{'nsm': [-1, -1, 1, -1, 1, -1, 0], 'asi': [0, -1, -1, 0, 0, -1, 1], 'adf': [0, 0, 0, -1, 0, -1, -1]}
{'nsm': [-1, 0, 0, -1, 1, 0, 0], 'asi': [-1, 0, 1, 0, 0, -1, 0], 'adf': [0, 0, 0, -1, 1, 1, -1]}
Detailed mse by temperature for each model{0: [6.552491799785485, 6.537870266531214, 6.524751729177875], 1: [7.066997195437034, 7.054200083539247, 7.065486744864513], 2: [5.523457396807198, 5.5204127766438615, 21.101015960327302], 3: [6.053367611376183, 6.04088576957852, 20.963391238592656], 4: [5.066558795453092, 5.054234968842626, 5.064353163733049], 5: [129.95081396011, 6.539249214316168, 6.5426658629018934], 6: [4.553135402700127, 4.540508949448218, 19.463180482091676], 7: [69.15664363250349, 8.026657434364326, 8.031874681108308], 8: [99.99872598199491, 6.5293965558705, 21.431543660510897], 9: [5.047443842170971, 5.03025499199172, 5.041915046907665]}
MSE score [6.538371265164858, 7.062228007946932, 10.714962044592788, 11.019214873182454, 5.061715642676256, 47.67757634577601, 9.518941611413341, 28.405058582658707, 42.65322206612544, 5.039871293690118]
Average MSE result for this generation 17.369116173322688
Best MSE result for this generation is 5.039871293690118
Generation 2
{'nsm': [-1, 0, 0, -1, 1, 0, 0], 'asi': [-1, 0, 1, 0, 0, -1, 0], 'adf': [0, 0, 0, -1, 1, 1, -1]}
{'nsm': [-1, 0, 1, 0, 0, -1, 1], 'asi': [0, 0, 0, 0, 1, 0, 1], 'adf': [-1, -1, 1, 0, 0, -1, 0]}
{'nsm': [-1, 0, 1, 0, 0, 1, -1], 'asi': [0, 0, 0, 0, -1, 1, 1], 'adf': [-1, -1, 1, 0, -1, -1, -1]}
{'nsm': [1, 0, 1, -1, 0, -1, 1], 'asi': [-1, 1, 0, -1, 1, 0, 1], 'adf': [-1, -1, 1, 0, 0, -1, 0]}
{'nsm': [-1, 0, 0, -1, 0, -1, 1], 'asi': [-1, 0, 1, 0, 0, 0, 1], 'adf': [0, 0, 0, -1, 0, -1, 0]}
{'nsm': [-1, 0, 1, -1, 0, 1, -1], 'asi': [0, 0, 0, -1, -1, 1, 1], 'adf': [-1, -1, 1, -1, -1, -1, -1]}
{'nsm': [-1, 0, 1, 0, 0, -1, 1], 'asi': [0, 0, 0, 0, -1, -1, 1], 'adf': [-1, -1, 1, 0, -1, -1, 0]}
{'nsm': [1, 0, 1, 1, 1, 0, 0], 'asi': [-1, 1, 0, 1, 0, -1, 0], 'adf': [-1, -1, 1, 1, 1, 1, -1]}
{'nsm': [-1, -1, 1, 0, 1, -1, 1], 'asi': [-1, 1, -1, -1, -1, -1, -1], 'adf': [1, 1, 1, -1, 1, 0, 1]}
{'nsm': [0, 0, 0, -1, -1, 1, 1], 'asi': [-1, 1, 1, -1, 1, 0, 0], 'adf': [-1, -1, 0, 1, 0, -1, -1]}
Detailed mse by temperature for each model{0: [5.047443842170971, 5.03025499199172, 5.041915046907665], 1: [5.066558795453092, 5.054234968842626, 5.064353163733049], 2: [6.552491799785485, 6.537870266531214, 6.524751729177875], 3: [7.066997195437034, 7.054200083539247, 7.065486744864513], 4: [4.56610085775359, 4.54791690861334, 4.527193822470803], 5: [8.052727073615767, 8.037954736826007, 8.024885909605517], 6: [99.50792390360331, 6.048264974469825, 21.60165999187128], 7: [68.94434868206532, 7.544538624739206, 7.551883774338775], 8: [70.98368446563117, 9.541543851024127, 9.55736712830598], 9: [37.54574967558099, 7.022621975190079, 7.039134136725183]}
MSE score [5.039871293690118, 5.061715642676256, 6.538371265164858, 7.062228007946932, 4.547070529612578, 8.038522573349097, 42.38594962331481, 28.0135903603811, 30.027531814987096, 17.202501929165418]
Average MSE result for this generation 15.391735304028824
Best MSE result for this generation is 4.547070529612578
Generation 3
{'nsm': [-1, 0, 0, -1, 0, -1, 1], 'asi': [-1, 0, 1, 0, 0, 0, 1], 'adf': [0, 0, 0, -1, 0, -1, 0]}
{'nsm': [-1, 0, 0, -1, 1, 0, 0], 'asi': [-1, 0, 1, 0, 0, -1, 0], 'adf': [0, 0, 0, -1, 1, 1, -1]}
{'nsm': [-1, 0, 1, 0, 0, -1, 1], 'asi': [0, 0, 0, 0, 1, 0, 1], 'adf': [-1, -1, 1, 0, 0, -1, 0]}
{'nsm': [-1, 0, 1, 0, 0, 1, -1], 'asi': [0, 0, 0, 0, -1, 1, 1], 'adf': [-1, -1, 1, 0, -1, -1, -1]}
{'nsm': [-1, 0, 0, 0, 1, 0, 0], 'asi': [-1, 0, 1, 0, 0, -1, 0], 'adf': [0, 0, 0, 0, 1, 1, -1]}
{'nsm': [-1, 0, 0, -1, 1, 1, 1], 'asi': [-1, 0, 1, 0, 0, 1, 1], 'adf': [0, 0, 0, -1, 1, 1, 0]}
{'nsm': [-1, 0, 1, 0, 1, 1, -1], 'asi': [0, 0, 0, 0, 1, 1, 1], 'adf': [-1, -1, 1, 0, 1, -1, -1]}
{'nsm': [-1, 0, 1, -1, 0, -1, 1], 'asi': [0, 0, 0, -1, 0, 0, 1], 'adf': [-1, -1, 1, -1, 0, -1, 0]}
{'nsm': [1, 0, -1, 1, 0, -1, 0], 'asi': [-1, -1, 1, -1, 0, 0, -1], 'adf': [1, -1, 1, 1, 0, -1, 1]}
{'nsm': [-1, 1, 0, -1, 1, 1, 0], 'asi': [0, -1, 1, -1, 0, 0, 0], 'adf': [-1, 0, -1, -1, -1, -1, 1]}
Detailed mse by temperature for each model{0: [4.56610085775359, 4.54791690861334, 4.527193822470803], 1: [5.047443842170971, 5.03025499199172, 5.041915046907665], 2: [5.066558795453092, 5.054234968842626, 5.064353163733049], 3: [6.552491799785485, 6.537870266531214, 6.524751729177875], 4: [4.045496578996217, 4.040654781889419, 4.047884352243156], 5: [6.0709187770799256, 21.635812067754678, 6.028729465899118], 6: [7.040807241605766, 7.040927954348393, 7.048716208672219], 7: [6.062539435575465, 6.033625654444069, 6.026876316836789], 8: [38.32775823555169, 38.7546988135087, 211.66268514563555], 9: [68.47674121931877, 7.0374586722477135, 7.0359611567571525]}
MSE score [4.547070529612578, 5.039871293690118, 5.061715642676256, 6.538371265164858, 4.0446785710429305, 11.24515343691124, 7.043483801542126, 6.041013802285441, 96.24838073156532, 27.51672034944121]
Average MSE result for this generation 17.332645942393206
Best MSE result for this generation is 4.0446785710429305
Generation 4
{'nsm': [-1, 0, 0, 0, 1, 0, 0], 'asi': [-1, 0, 1, 0, 0, -1, 0], 'adf': [0, 0, 0, 0, 1, 1, -1]}
{'nsm': [-1, 0, 0, -1, 0, -1, 1], 'asi': [-1, 0, 1, 0, 0, 0, 1], 'adf': [0, 0, 0, -1, 0, -1, 0]}
{'nsm': [-1, 0, 0, -1, 1, 0, 0], 'asi': [-1, 0, 1, 0, 0, -1, 0], 'adf': [0, 0, 0, -1, 1, 1, -1]}
{'nsm': [-1, 0, 1, 0, 0, -1, 1], 'asi': [0, 0, 0, 0, 1, 0, 1], 'adf': [-1, -1, 1, 0, 0, -1, 0]}
{'nsm': [-1, 0, 0, 0, 1, -1, 1], 'asi': [-1, 0, 1, 0, 0, -1, 1], 'adf': [0, 0, 0, 0, 1, -1, 0]}
{'nsm': [-1, 0, 0, 1, 1, 0, 0], 'asi': [-1, 0, 1, 1, 0, -1, 0], 'adf': [0, 0, 0, 1, 1, 1, -1]}
{'nsm': [-1, 0, 0, -1, 0, -1, 1], 'asi': [-1, 0, 1, 0, 0, 0, 1], 'adf': [0, 0, 0, -1, 0, -1, 0]}
{'nsm': [-1, 0, 1, 0, -1, 0, 0], 'asi': [0, 0, 0, 0, -1, -1, 0], 'adf': [-1, -1, 1, 0, -1, 1, -1]}
{'nsm': [-1, 0, -1, -1, -1, 0, 1], 'asi': [-1, 0, 1, 0, -1, -1, 0], 'adf': [-1, -1, -1, 1, -1, 0, 1]}
{'nsm': [0, -1, -1, 0, 0, 1, 1], 'asi': [0, 1, -1, -1, 0, 0, 0], 'adf': [-1, -1, -1, 1, -1, 0, 1]}
Detailed mse by temperature for each model{0: [4.045496578996217, 4.040654781889419, 4.047884352243156], 1: [4.56610085775359, 4.54791690861334, 4.527193822470803], 2: [5.047443842170971, 5.03025499199172, 5.041915046907665], 3: [5.066558795453092, 5.054234968842626, 5.064353163733049], 4: [5.29070462170795, 5.083373973475887, 5.028768766896974], 5: [130.37703024000305, 5.53481260371903, 5.554903687516679], 6: [4.566047356750451, 4.547546261505189, 4.527190412606085], 7: [128.32322985192795, 5.544462729605363, 5.556596166992282], 8: [23.115776528042915, 23.412052523229505, 23.107187346582727], 9: [67.91340460284711, 6.523651536936055, 22.19553608952569]}
MSE score [4.0446785710429305, 4.547070529612578, 5.039871293690118, 5.061715642676256, 5.134282454026937, 47.15558217707959, 4.546928010287242, 46.474762916175195, 23.21167213261838, 32.21086407643629]
Average MSE result for this generation 17.74274278036455
Best MSE result for this generation is 4.0446785710429305
Final population
{'nsm': [-1, 0, 0, 0, 1, 0, 0], 'asi': [-1, 0, 1, 0, 0, -1, 0], 'adf': [0, 0, 0, 0, 1, 1, -1]}
{'nsm': [-1, 0, 0, -1, 0, -1, 1], 'asi': [-1, 0, 1, 0, 0, 0, 1], 'adf': [0, 0, 0, -1, 0, -1, 0]}
{'nsm': [-1, 0, 0, -1, 0, -1, 1], 'asi': [-1, 0, 1, 0, 0, 0, 1], 'adf': [0, 0, 0, -1, 0, -1, 0]}
{'nsm': [-1, 0, 0, -1, 1, 0, 0], 'asi': [-1, 0, 1, 0, 0, -1, 0], 'adf': [0, 0, 0, -1, 1, 1, -1]}
{'nsm': [-1, 0, 0, 1, 0, -1, 1], 'asi': [-1, 0, 1, 1, 0, 0, 1], 'adf': [0, 0, 0, 1, 0, -1, 0]}
{'nsm': [-1, 0, 0, -1, 0, 0, 1], 'asi': [-1, 0, 1, 0, 0, 0, 1], 'adf': [0, 0, 0, -1, 0, 0, 0]}
{'nsm': [-1, 0, 0, -1, 0, 0, 0], 'asi': [-1, 0, 1, 0, 0, 0, 0], 'adf': [0, 0, 0, -1, 0, 0, -1]}
{'nsm': [-1, 0, 0, -1, 1, 0, 0], 'asi': [-1, 0, 1, -1, 0, -1, 0], 'adf': [0, 0, 0, -1, 1, 1, -1]}
{'nsm': [0, 1, 0, 0, 1, 0, -1], 'asi': [-1, -1, 0, 0, 0, 0, -1], 'adf': [-1, 0, -1, 0, 1, 1, -1]}
{'nsm': [1, 1, 1, -1, 1, 1, 0], 'asi': [0, 1, 0, 0, -1, 1, 0], 'adf': [0, 1, 1, 0, 0, 0, -1]}
Detailed mse by temperature for each model{0: [4.045496578996217, 4.040654781889419, 4.047884352243156], 1: [4.566047356750451, 4.547546261505189, 4.527190412606085], 2: [4.56610085775359, 4.54791690861334, 4.527193822470803], 3: [5.047443842170971, 5.03025499199172, 5.041915046907665], 4: [113.53665266507174, 36.310298295433064, 5.028086657673219], 5: [3.5660346058943344, 3.5474828480458953, 3.5271180104767335], 6: [3.0245587564945926, 3.0251611867150343, 17.950098299043994], 7: [5.531806780450618, 5.529460271900561, 5.544807535772142], 8: [5.560025469594418, 5.531645102060402, 180.4020555960023], 9: [6.047352869027402, 6.054415485956755, 6.055579027110481]}
MSE score [4.0446785710429305, 4.546928010287242, 4.547070529612578, 5.039871293690118, 51.62501253939268, 3.546878488138988, 7.99993941408454, 5.5353581960411065, 63.8312420558857, 6.05244912736488]
Best MSE score is 3.546878488138988
Average MSE result for this generation: 15.676942822554073
Best solution index is 5
total running time11827.123810052872
