using PSO
initial population size= 10
n_generation= 5
n_parents= 4
offspring_size= 4
random agents size= 2
gamma= 0.5
Generation 0
{'nsm': [0, 1, 0, -1, 0, 0, 1], 'asi': [-1, 1, -1, -1, 0, 1, 1], 'adf': [-1, 0, -1, -1, 1, 1, -1]}
{'nsm': [0, -1, 1, 0, -1, 0, -1], 'asi': [-1, 1, 1, 1, 1, 1, 0], 'adf': [1, 0, 0, -1, 1, 0, 1]}
{'nsm': [-1, -1, 1, 1, -1, 1, 0], 'asi': [1, 0, -1, 0, 1, 0, 1], 'adf': [1, -1, 1, -1, -1, 1, -1]}
{'nsm': [-1, 0, 0, 0, -1, 0, -1], 'asi': [0, 0, 0, -1, 0, 0, 0], 'adf': [1, 1, -1, -1, -1, 0, 1]}
{'nsm': [1, -1, 1, 0, -1, -1, 0], 'asi': [-1, 1, 0, -1, 0, -1, 1], 'adf': [0, 0, 0, 0, 0, 1, 1]}
{'nsm': [-1, -1, -1, -1, 0, -1, 1], 'asi': [-1, 0, 0, -1, -1, 0, 0], 'adf': [-1, 1, 0, -1, 0, -1, 1]}
{'nsm': [1, 0, -1, -1, 1, -1, 0], 'asi': [0, 1, -1, 0, -1, 1, 1], 'adf': [1, -1, 1, 0, -1, -1, 0]}
{'nsm': [0, 0, -1, 0, 0, -1, -1], 'asi': [0, 0, 0, -1, 1, -1, 1], 'adf': [-1, 0, 1, 0, 0, -1, -1]}
{'nsm': [-1, 0, 1, 0, 1, -1, 0], 'asi': [1, 1, 0, 1, 1, -1, -1], 'adf': [1, 1, 1, -1, 0, 1, -1]}
{'nsm': [1, 0, 0, -1, 1, -1, -1], 'asi': [0, -1, -1, -1, 0, 1, 0], 'adf': [1, 0, -1, -1, -1, 0, 1]}
Detailed mse by temperature for each model{0: [68.66185937325318, 7.529726504069233, 7.535010363046979], 1: [68.20299240819818, 7.020486125039906, 21.94418562619932], 2: [39.14627762816933, 8.545735487466722, 8.561387194354339], 3: [66.4569490832508, 98.56605590103979, 82.26321340702891], 4: [129.51540576152945, 6.029177277995556, 6.040658685079518], 5: [7.050461173429489, 7.035866997668935, 22.61782262765701], 6: [39.17296073367295, 7.544700784003707, 7.551065922997761], 7: [128.32022298159836, 5.538820985694349, 5.553706988209939], 8: [131.20281137727096, 8.062356675130872, 8.073921320815293], 9: [38.27625326407818, 22.135622626261977, 37.22717625643161]}
MSE score [27.908865413456464, 32.389221386479136, 18.751133436663462, 82.42873946377317, 47.19508057486817, 12.234716932918479, 18.08957581355814, 46.47091698516755, 49.11302979107237, 32.54635071559059]
Average MSE result for this generation 36.71276305135476
Best MSE result for this generation is 12.234716932918479
Generation 1
{'nsm': [-1, -1, -1, -1, 0, -1, 1], 'asi': [-1, 0, 0, -1, -1, 0, 0], 'adf': [-1, 1, 0, -1, 0, -1, 1]}
{'nsm': [1, 0, -1, -1, 1, -1, 0], 'asi': [0, 1, -1, 0, -1, 1, 1], 'adf': [1, -1, 1, 0, -1, -1, 0]}
{'nsm': [-1, -1, 1, 1, -1, 1, 0], 'asi': [1, 0, -1, 0, 1, 0, 1], 'adf': [1, -1, 1, -1, -1, 1, -1]}
{'nsm': [0, 1, 0, -1, 0, 0, 1], 'asi': [-1, 1, -1, -1, 0, 1, 1], 'adf': [-1, 0, -1, -1, 1, 1, -1]}
{'nsm': [-1, -1, -1, 1, 1, -1, 0], 'asi': [-1, 0, 0, 1, -1, 1, 1], 'adf': [-1, 1, 0, 1, -1, -1, 0]}
{'nsm': [1, 0, -1, -1, 1, 1, 0], 'asi': [0, 1, -1, 0, 1, 0, 1], 'adf': [1, -1, 1, 0, 1, 1, -1]}
{'nsm': [-1, -1, 1, 1, 0, 0, 1], 'asi': [1, 0, -1, 0, 0, 1, 1], 'adf': [1, -1, 1, -1, 0, 1, -1]}
{'nsm': [0, 1, 0, -1, 0, -1, 1], 'asi': [-1, 1, -1, -1, -1, 0, 0], 'adf': [-1, 0, -1, -1, 0, -1, 1]}
{'nsm': [-1, 0, 0, -1, -1, 1, 1], 'asi': [1, -1, 1, 1, 1, 0, 0], 'adf': [0, 0, 1, 0, 0, 0, 1]}
{'nsm': [0, 1, -1, 1, -1, -1, -1], 'asi': [0, 0, 1, 1, 0, -1, -1], 'adf': [0, -1, 1, 0, -1, 0, 1]}
Detailed mse by temperature for each model{0: [7.050461173429489, 7.035866997668935, 22.61782262765701], 1: [39.17296073367295, 7.544700784003707, 7.551065922997761], 2: [39.14627762816933, 8.545735487466722, 8.561387194354339], 3: [68.66185937325318, 7.529726504069233, 7.535010363046979], 4: [69.78387867616644, 69.61062244561548, 39.44824710297003], 5: [38.15171308037597, 7.556061693070646, 7.565861442673391], 6: [176.84053430059473, 85.79769567091799, 7.5313177360333095], 7: [7.024266128561513, 7.0262474564573765, 7.0380023577642525], 8: [97.98016899237683, 6.043507618167879, 6.061353025638465], 9: [161.3783563992914, 7.039480116835366, 134.0623738709204]}
MSE score [12.234716932918479, 18.08957581355814, 18.751133436663462, 27.908865413456464, 59.614249408250636, 17.75787873870667, 90.05651590251534, 7.029505314261048, 36.695009878727724, 100.82673679568238]
Average MSE result for this generation 38.89641876347404
Best MSE result for this generation is 7.029505314261048
Generation 2
{'nsm': [0, 1, 0, -1, 0, -1, 1], 'asi': [-1, 1, -1, -1, -1, 0, 0], 'adf': [-1, 0, -1, -1, 0, -1, 1]}
{'nsm': [-1, -1, -1, -1, 0, -1, 1], 'asi': [-1, 0, 0, -1, -1, 0, 0], 'adf': [-1, 1, 0, -1, 0, -1, 1]}
{'nsm': [1, 0, -1, -1, 1, 1, 0], 'asi': [0, 1, -1, 0, 1, 0, 1], 'adf': [1, -1, 1, 0, 1, 1, -1]}
{'nsm': [1, 0, -1, -1, 1, -1, 0], 'asi': [0, 1, -1, 0, -1, 1, 1], 'adf': [1, -1, 1, 0, -1, -1, 0]}
{'nsm': [0, 1, 0, -1, 0, 0, 1], 'asi': [-1, 1, -1, -1, -1, 0, 0], 'adf': [-1, 0, -1, -1, 0, 0, 1]}
{'nsm': [-1, -1, -1, -1, 0, 1, 0], 'asi': [-1, 0, 0, -1, 0, 0, 1], 'adf': [-1, 1, 0, -1, 0, 1, -1]}
{'nsm': [1, 0, -1, -1, 1, 1, 0], 'asi': [0, 1, -1, 0, 1, 1, 1], 'adf': [1, -1, 1, 0, 1, 1, 0]}
{'nsm': [1, 0, -1, 0, 0, -1, 1], 'asi': [0, 1, -1, 0, -1, 0, 0], 'adf': [1, -1, 1, 0, 0, -1, 1]}
{'nsm': [0, 0, 0, -1, 1, -1, 0], 'asi': [0, 0, 0, -1, 0, 1, 0], 'adf': [1, 0, -1, 0, -1, 1, -1]}
{'nsm': [-1, 0, 0, -1, 1, -1, -1], 'asi': [0, 1, 1, -1, 1, -1, -1], 'adf': [-1, 1, -1, 1, -1, -1, 0]}
Detailed mse by temperature for each model{0: [7.024266128561513, 7.0262474564573765, 7.0380023577642525], 1: [7.050461173429489, 7.035866997668935, 22.61782262765701], 2: [38.15171308037597, 7.556061693070646, 7.565861442673391], 3: [39.17296073367295, 7.544700784003707, 7.551065922997761], 4: [6.025887749894078, 6.027847287161919, 21.15557256458972], 5: [97.65575339952026, 6.520592703935862, 36.543481937397864], 6: [38.16014404914723, 7.5549318651796025, 7.556133805700389], 7: [36.643182392706706, 6.0399528997381715, 6.05728364429022], 8: [5.023952245920061, 5.024580309936973, 5.029473011738593], 9: [8.543090833920877, 8.546401148607977, 71.12653121592479]}
MSE score [7.029505314261048, 12.234716932918479, 17.75787873870667, 18.08957581355814, 11.069769200548572, 46.906609346951335, 17.757069906675742, 16.24680631224503, 5.026001855865208, 29.405341066151212]
Average MSE result for this generation 18.152327448788142
Best MSE result for this generation is 5.026001855865208
Generation 3
{'nsm': [0, 0, 0, -1, 1, -1, 0], 'asi': [0, 0, 0, -1, 0, 1, 0], 'adf': [1, 0, -1, 0, -1, 1, -1]}
{'nsm': [0, 1, 0, -1, 0, -1, 1], 'asi': [-1, 1, -1, -1, -1, 0, 0], 'adf': [-1, 0, -1, -1, 0, -1, 1]}
{'nsm': [0, 1, 0, -1, 0, 0, 1], 'asi': [-1, 1, -1, -1, -1, 0, 0], 'adf': [-1, 0, -1, -1, 0, 0, 1]}
{'nsm': [-1, -1, -1, -1, 0, -1, 1], 'asi': [-1, 0, 0, -1, -1, 0, 0], 'adf': [-1, 1, 0, -1, 0, -1, 1]}
{'nsm': [0, 0, 0, 0, 0, -1, 1], 'asi': [0, 0, 0, 0, -1, 0, 0], 'adf': [1, 0, -1, 0, 0, -1, 1]}
{'nsm': [0, 1, 0, -1, -1, 0, 1], 'asi': [-1, 1, -1, -1, -1, 0, 0], 'adf': [-1, 0, -1, -1, -1, 0, 1]}
{'nsm': [0, 1, 0, -1, 1, -1, 1], 'asi': [-1, 1, -1, -1, 1, 0, 0], 'adf': [-1, 0, -1, -1, 1, -1, 1]}
{'nsm': [-1, -1, -1, -1, 0, 0, 0], 'asi': [-1, 0, 0, -1, -1, 0, 0], 'adf': [-1, 1, 0, -1, 0, 0, -1]}
{'nsm': [1, 1, -1, 0, -1, 0, 0], 'asi': [1, -1, 1, -1, 1, 0, -1], 'adf': [0, -1, -1, 1, -1, -1, 1]}
{'nsm': [0, 1, 1, -1, 1, 0, -1], 'asi': [1, -1, 0, 1, -1, 1, 0], 'adf': [1, 1, 0, 1, 0, 1, 0]}
Detailed mse by temperature for each model{0: [5.023952245920061, 5.024580309936973, 5.029473011738593], 1: [7.024266128561513, 7.0262474564573765, 7.0380023577642525], 2: [6.025887749894078, 6.027847287161919, 21.15557256458972], 3: [7.050461173429489, 7.035866997668935, 22.61782262765701], 4: [3.550521195007839, 3.5393604986090823, 3.5445971376087035], 5: [37.54667300649477, 22.23256126310112, 7.038956886211193], 6: [69.45016158852067, 8.026746749968371, 38.61447668905207], 7: [20.671526877049757, 5.540674359075072, 20.464769785475397], 8: [131.10999136106292, 8.026972956240538, 8.031300368476963], 9: [98.98267432715103, 7.047007634069778, 7.0668421701486235]}
MSE score [5.026001855865208, 7.029505314261048, 11.069769200548572, 12.234716932918479, 3.544826277075208, 22.27273038526903, 38.6971283425137, 15.558990340533407, 49.056088228593474, 37.69884137712314]
Average MSE result for this generation 20.218859825470126
Best MSE result for this generation is 3.544826277075208
Generation 4
{'nsm': [0, 0, 0, 0, 0, -1, 1], 'asi': [0, 0, 0, 0, -1, 0, 0], 'adf': [1, 0, -1, 0, 0, -1, 1]}
{'nsm': [0, 0, 0, -1, 1, -1, 0], 'asi': [0, 0, 0, -1, 0, 1, 0], 'adf': [1, 0, -1, 0, -1, 1, -1]}
{'nsm': [0, 1, 0, -1, 0, -1, 1], 'asi': [-1, 1, -1, -1, -1, 0, 0], 'adf': [-1, 0, -1, -1, 0, -1, 1]}
{'nsm': [0, 1, 0, -1, 0, 0, 1], 'asi': [-1, 1, -1, -1, -1, 0, 0], 'adf': [-1, 0, -1, -1, 0, 0, 1]}
{'nsm': [0, 0, 0, 1, 1, -1, 0], 'asi': [0, 0, 0, 1, 0, 1, 0], 'adf': [1, 0, -1, 1, -1, 1, -1]}
{'nsm': [0, 0, 0, -1, 1, -1, 1], 'asi': [0, 0, 0, -1, 1, 0, 0], 'adf': [1, 0, -1, 0, 1, -1, 1]}
{'nsm': [0, 1, 0, -1, 0, 1, 1], 'asi': [-1, 1, -1, -1, -1, 1, 0], 'adf': [-1, 0, -1, -1, 0, 1, 1]}
{'nsm': [0, 1, 0, -1, -1, -1, 1], 'asi': [-1, 1, -1, -1, -1, 0, 0], 'adf': [-1, 0, -1, -1, -1, -1, 1]}
{'nsm': [-1, 1, -1, -1, 1, 0, -1], 'asi': [1, -1, 0, 0, 0, 0, -1], 'adf': [-1, -1, 0, 0, 1, 1, 0]}
{'nsm': [1, 1, 1, 0, -1, -1, -1], 'asi': [0, 1, 0, 1, 1, 0, 0], 'adf': [-1, 1, 1, 0, -1, 1, -1]}
Detailed mse by temperature for each model{0: [3.550521195007839, 3.5393604986090823, 3.5445971376087035], 1: [5.023952245920061, 5.024580309936973, 5.029473011738593], 2: [7.024266128561513, 7.0262474564573765, 7.0380023577642525], 3: [6.025887749894078, 6.027847287161919, 21.15557256458972], 4: [5.523358738660105, 5.524416580181074, 5.52998098266814], 5: [5.557875346308004, 5.539191204970384, 5.5530067951927595], 6: [38.04878013183543, 7.535486965550655, 7.530822997526941], 7: [8.026402692838067, 8.027893330480529, 8.040197720857647], 8: [6.564793133214278, 6.53660165348557, 181.40998882429108], 9: [7.5734375553012985, 7.560766561024157, 38.05395978870578]}
MSE score [3.544826277075208, 5.026001855865208, 7.029505314261048, 11.069769200548572, 5.525918767169773, 5.550024448823716, 17.705030031637673, 8.031497914725414, 64.8371278703303, 17.729387968343747]
Average MSE result for this generation 14.604908964878069
Best MSE result for this generation is 3.544826277075208
Final population
{'nsm': [0, 0, 0, 0, 0, -1, 1], 'asi': [0, 0, 0, 0, -1, 0, 0], 'adf': [1, 0, -1, 0, 0, -1, 1]}
{'nsm': [0, 0, 0, -1, 1, -1, 0], 'asi': [0, 0, 0, -1, 0, 1, 0], 'adf': [1, 0, -1, 0, -1, 1, -1]}
{'nsm': [0, 0, 0, 1, 1, -1, 0], 'asi': [0, 0, 0, 1, 0, 1, 0], 'adf': [1, 0, -1, 1, -1, 1, -1]}
{'nsm': [0, 0, 0, -1, 1, -1, 1], 'asi': [0, 0, 0, -1, 1, 0, 0], 'adf': [1, 0, -1, 0, 1, -1, 1]}
{'nsm': [0, 0, 0, 1, 1, -1, 0], 'asi': [0, 0, 0, 1, 0, 1, 0], 'adf': [1, 0, -1, 1, -1, 1, -1]}
{'nsm': [0, 0, 0, -1, 0, -1, 0], 'asi': [0, 0, 0, -1, 0, 1, 0], 'adf': [1, 0, -1, 0, 0, 1, -1]}
{'nsm': [0, 0, 0, 1, 0, -1, 1], 'asi': [0, 0, 0, 1, 0, 0, 0], 'adf': [1, 0, -1, 1, 0, -1, 1]}
{'nsm': [0, 0, 0, -1, 0, -1, 1], 'asi': [0, 0, 0, -1, -1, 0, 0], 'adf': [1, 0, -1, -1, 0, -1, 1]}
{'nsm': [0, -1, 1, -1, -1, -1, 0], 'asi': [1, -1, 0, -1, 1, -1, 0], 'adf': [1, 1, -1, 1, 0, -1, -1]}
{'nsm': [1, 0, 1, -1, 1, -1, -1], 'asi': [1, -1, 0, 0, 1, 1, 0], 'adf': [0, 1, -1, 0, -1, 1, -1]}
Detailed mse by temperature for each model{0: [3.550521195007839, 3.5393604986090823, 3.5445971376087035], 1: [5.023952245920061, 5.024580309936973, 5.029473011738593], 2: [5.523358738660105, 5.524416580181074, 5.52998098266814], 3: [5.557875346308004, 5.539191204970384, 5.5530067951927595], 4: [5.523302803890584, 5.524129588448655, 5.529551743312178], 5: [4.02461727643211, 4.025276946825212, 4.029969669869021], 6: [4.549667247867529, 4.53583405367223, 4.54436989165872], 7: [5.050804323308583, 5.0359026689621675, 5.045152131792281], 8: [131.39474016864133, 8.03191253904827, 8.048470753000183], 9: [99.46948411311875, 7.5260265003917395, 7.5478812456807685]}
MSE score [3.544826277075208, 5.026001855865208, 5.525918767169773, 5.550024448823716, 5.525661378550471, 4.026621297708782, 4.543290397732826, 5.043953041354343, 49.1583744868966, 38.18113061973042]
Best MSE score is 3.544826277075208
Average MSE result for this generation: 12.612580257090736
Best solution index is 0
total running time12128.237587213516
