using PSO
initial population size= 10
n_generation= 5
n_parents= 4
offspring_size= 4
random agents size= 2
gamma= 0.5
Generation 0
{'nsm': [0, 1, -1, 0, 1, -1, -1], 'asi': [-1, 0, -1, 1, -1, 0, 0], 'adf': [0, 0, 1, 1, 0, -1, -1]}
{'nsm': [1, -1, 0, -1, 1, -1, -1], 'asi': [1, -1, 0, 0, -1, -1, -1], 'adf': [-1, 1, 1, 1, -1, 1, -1]}
{'nsm': [1, 0, 0, -1, -1, 1, 0], 'asi': [0, 0, 0, -1, 1, -1, -1], 'adf': [-1, -1, 1, 1, 0, 1, 1]}
{'nsm': [-1, 1, 0, 1, 1, 1, -1], 'asi': [0, 0, 1, 0, 1, -1, 0], 'adf': [-1, 1, 1, 0, 1, 0, -1]}
{'nsm': [-1, 0, -1, -1, -1, 1, 1], 'asi': [0, 0, 1, 0, 1, -1, 0], 'adf': [0, 1, 0, 0, 0, 1, -1]}
{'nsm': [-1, -1, -1, 1, 0, 1, -1], 'asi': [1, 1, 1, -1, -1, 1, 1], 'adf': [1, 0, 1, -1, -1, 0, 1]}
{'nsm': [0, 0, 0, -1, 0, 0, -1], 'asi': [1, -1, 1, 0, 0, 0, 1], 'adf': [1, 0, 0, 1, 0, 0, -1]}
{'nsm': [-1, -1, 1, -1, 0, 1, 1], 'asi': [1, -1, -1, 1, 1, 1, -1], 'adf': [1, -1, 0, 1, -1, -1, 0]}
{'nsm': [-1, -1, -1, 1, 0, 0, 1], 'asi': [0, 1, 0, 1, -1, 1, 1], 'adf': [1, 1, 0, 1, 0, 1, 0]}
{'nsm': [1, -1, 0, -1, 0, 1, 1], 'asi': [1, 1, 0, 0, -1, 1, 1], 'adf': [1, 0, 0, 0, 1, 1, -1]}
Detailed mse by temperature for each model{0: [160.51684947386542, 6.561142567529952, 6.5696290551078045], 1: [147.55976619501314, 40.30539199381528, 214.3950109782411], 2: [129.82758017071717, 7.054574958766224, 7.060925361878171], 3: [7.069780406396854, 7.055518191736895, 7.061941385052661], 4: [6.078901222561404, 6.025026207001176, 6.044842765572078], 5: [39.64388850104376, 9.038886402909826, 9.051209921038394], 6: [4.5356039771571215, 4.519379586509145, 4.505087910993393], 7: [193.78650901996528, 39.72641659117595, 102.1182117452677], 8: [7.040493083523345, 7.038978246457621, 7.05130581413854], 9: [98.97069384631828, 7.028242187031984, 7.0488317874899815]}
MSE score [57.88254036550106, 134.08672305568984, 47.98102683045386, 7.062413327728803, 6.049590065044886, 19.24466160833066, 4.520023824886553, 111.87704578546963, 7.043592381373169, 37.68258927361342]
Average MSE result for this generation 43.34302065180919
Best MSE result for this generation is 4.520023824886553
Generation 1
{'nsm': [0, 0, 0, -1, 0, 0, -1], 'asi': [1, -1, 1, 0, 0, 0, 1], 'adf': [1, 0, 0, 1, 0, 0, -1]}
{'nsm': [-1, 0, -1, -1, -1, 1, 1], 'asi': [0, 0, 1, 0, 1, -1, 0], 'adf': [0, 1, 0, 0, 0, 1, -1]}
{'nsm': [-1, -1, -1, 1, 0, 0, 1], 'asi': [0, 1, 0, 1, -1, 1, 1], 'adf': [1, 1, 0, 1, 0, 1, 0]}
{'nsm': [-1, 1, 0, 1, 1, 1, -1], 'asi': [0, 0, 1, 0, 1, -1, 0], 'adf': [-1, 1, 1, 0, 1, 0, -1]}
{'nsm': [0, 0, 0, -1, 0, 1, 1], 'asi': [1, -1, 1, 0, 0, 1, 0], 'adf': [1, 0, 0, 1, 0, 1, -1]}
{'nsm': [-1, 0, -1, 1, 0, 0, 1], 'asi': [0, 0, 1, 1, -1, 1, 1], 'adf': [0, 1, 0, 1, 0, 1, 0]}
{'nsm': [-1, -1, -1, 1, 1, 1, -1], 'asi': [0, 1, 0, 1, 1, -1, 0], 'adf': [1, 1, 0, 1, 1, 0, -1]}
{'nsm': [-1, 1, 0, 1, -1, 0, -1], 'asi': [0, 0, 1, 0, -1, 0, 1], 'adf': [-1, 1, 1, 0, -1, 0, -1]}
{'nsm': [-1, 1, -1, -1, -1, 0, 0], 'asi': [-1, -1, 0, 1, -1, -1, 1], 'adf': [0, -1, 0, -1, -1, 0, 1]}
{'nsm': [-1, -1, 1, 1, 1, 1, 0], 'asi': [-1, 1, 0, 1, -1, -1, -1], 'adf': [0, 1, -1, 1, 1, 0, 1]}
Detailed mse by temperature for each model{0: [4.5356039771571215, 4.519379586509145, 4.505087910993393], 1: [6.078901222561404, 6.025026207001176, 6.044842765572078], 2: [7.040493083523345, 7.038978246457621, 7.05130581413854], 3: [7.069780406396854, 7.055518191736895, 7.061941385052661], 4: [36.13096096478935, 5.522869474704719, 5.532441815505315], 5: [21.67141691715627, 6.045337028526934, 6.026729779388396], 6: [130.80472667867218, 8.02264057674249, 8.034655903906392], 7: [6.549724584390023, 6.531710972473739, 37.013953709715864], 8: [7.5376194984100815, 7.517356724865812, 22.426082505410818], 9: [69.95778952287137, 8.536173455688024, 8.535319916142438]}
MSE score [4.520023824886553, 6.049590065044886, 7.043592381373169, 7.062413327728803, 15.72875741833313, 11.2478279083572, 48.95400771977369, 16.698463088859878, 12.49368624289557, 29.00976096490061]
Average MSE result for this generation 15.88081229421535
Best MSE result for this generation is 4.520023824886553
Generation 2
{'nsm': [0, 0, 0, -1, 0, 0, -1], 'asi': [1, -1, 1, 0, 0, 0, 1], 'adf': [1, 0, 0, 1, 0, 0, -1]}
{'nsm': [-1, 0, -1, -1, -1, 1, 1], 'asi': [0, 0, 1, 0, 1, -1, 0], 'adf': [0, 1, 0, 0, 0, 1, -1]}
{'nsm': [-1, -1, -1, 1, 0, 0, 1], 'asi': [0, 1, 0, 1, -1, 1, 1], 'adf': [1, 1, 0, 1, 0, 1, 0]}
{'nsm': [-1, 1, 0, 1, 1, 1, -1], 'asi': [0, 0, 1, 0, 1, -1, 0], 'adf': [-1, 1, 1, 0, 1, 0, -1]}
{'nsm': [0, 0, 0, 1, -1, 1, 1], 'asi': [1, -1, 1, 1, 1, -1, 0], 'adf': [1, 0, 0, 1, 0, 1, -1]}
{'nsm': [-1, 0, -1, -1, 0, 0, 1], 'asi': [0, 0, 1, 0, 0, 1, 1], 'adf': [0, 1, 0, 0, 0, 1, 0]}
{'nsm': [-1, -1, -1, 1, 0, 0, -1], 'asi': [0, 1, 0, 1, -1, 0, 0], 'adf': [1, 1, 0, 1, 0, 0, -1]}
{'nsm': [-1, 1, 0, 1, 1, 0, -1], 'asi': [0, 0, 1, 0, 1, 0, 1], 'adf': [-1, 1, 1, 0, 1, 0, -1]}
{'nsm': [0, -1, -1, 1, 0, 1, 0], 'asi': [1, 1, 0, 1, 0, 0, 1], 'adf': [1, 1, 1, -1, 1, 0, 1]}
{'nsm': [0, 1, 1, 1, -1, 1, -1], 'asi': [-1, -1, -1, 0, 0, -1, -1], 'adf': [-1, -1, -1, 0, 1, -1, 0]}
Detailed mse by temperature for each model{0: [4.5356039771571215, 4.519379586509145, 4.505087910993393], 1: [6.078901222561404, 6.025026207001176, 6.044842765572078], 2: [7.040493083523345, 7.038978246457621, 7.05130581413854], 3: [7.069780406396854, 7.055518191736895, 7.061941385052661], 4: [160.99259276073062, 7.026922201561245, 7.040644471977598], 5: [4.558705045356087, 4.546264763051454, 4.527280374156812], 6: [6.049771594860285, 6.035325367251009, 6.047107474872195], 7: [6.5417171929208635, 6.544501951101017, 6.555032074028599], 8: [7.069361330312456, 7.059543679237159, 7.06742893051212], 9: [101.52060001494058, 70.9448026341157, 182.91367564456726]}
MSE score [4.520023824886553, 6.049590065044886, 7.043592381373169, 7.062413327728803, 58.35338647808982, 4.544083394188117, 6.044068145661163, 6.5470837393501595, 7.0654446466872445, 118.45969276454117]
Average MSE result for this generation 22.568937876755108
Best MSE result for this generation is 4.520023824886553
Generation 3
{'nsm': [0, 0, 0, -1, 0, 0, -1], 'asi': [1, -1, 1, 0, 0, 0, 1], 'adf': [1, 0, 0, 1, 0, 0, -1]}
{'nsm': [-1, 0, -1, -1, 0, 0, 1], 'asi': [0, 0, 1, 0, 0, 1, 1], 'adf': [0, 1, 0, 0, 0, 1, 0]}
{'nsm': [-1, -1, -1, 1, 0, 0, -1], 'asi': [0, 1, 0, 1, -1, 0, 0], 'adf': [1, 1, 0, 1, 0, 0, -1]}
{'nsm': [-1, 0, -1, -1, -1, 1, 1], 'asi': [0, 0, 1, 0, 1, -1, 0], 'adf': [0, 1, 0, 0, 0, 1, -1]}
{'nsm': [0, 0, 0, -1, 0, 0, 1], 'asi': [1, -1, 1, -1, 0, 1, 1], 'adf': [1, 0, 0, -1, 0, 1, 0]}
{'nsm': [-1, 0, -1, 1, 0, 0, -1], 'asi': [0, 0, 1, 1, -1, 0, 0], 'adf': [0, 1, 0, 1, 0, 0, -1]}
{'nsm': [-1, -1, -1, 0, -1, 1, 1], 'asi': [0, 1, 0, 0, 1, -1, 0], 'adf': [1, 1, 0, 0, 0, 1, -1]}
{'nsm': [-1, 0, -1, -1, -1, 1, -1], 'asi': [0, 0, 1, 0, 1, 1, 1], 'adf': [0, 1, 0, 0, 0, 1, -1]}
{'nsm': [-1, -1, -1, 0, 0, 0, 0], 'asi': [0, 1, 0, 1, 0, -1, 1], 'adf': [0, 1, 1, 1, 0, 1, 1]}
{'nsm': [1, -1, -1, 1, 1, -1, 0], 'asi': [-1, -1, 0, 0, 1, 1, 0], 'adf': [0, -1, 1, -1, -1, -1, 0]}
Detailed mse by temperature for each model{0: [4.5356039771571215, 4.519379586509145, 4.505087910993393], 1: [4.558705045356087, 4.546264763051454, 4.527280374156812], 2: [6.049771594860285, 6.035325367251009, 6.047107474872195], 3: [6.078901222561404, 6.025026207001176, 6.044842765572078], 4: [21.132787530219368, 5.543654114413442, 5.524941098449228], 5: [96.96172272532307, 5.022420958384799, 5.039902127745423], 6: [129.30353313030724, 6.519667002935757, 21.449265386370755], 7: [6.530427308738391, 6.523448444124183, 6.53584826158194], 8: [128.82385124267455, 6.044518353111911, 6.057722655264515], 9: [38.15297444053586, 7.5438180084645685, 7.546093851709559]}
MSE score [4.520023824886553, 4.544083394188117, 6.044068145661163, 6.049590065044886, 10.733794247694012, 35.6746819371511, 52.42415517320459, 6.529908004814838, 46.975364083683665, 17.74762876690333]
Average MSE result for this generation 19.124329764323225
Best MSE result for this generation is 4.520023824886553
Generation 4
{'nsm': [0, 0, 0, -1, 0, 0, -1], 'asi': [1, -1, 1, 0, 0, 0, 1], 'adf': [1, 0, 0, 1, 0, 0, -1]}
{'nsm': [-1, 0, -1, -1, 0, 0, 1], 'asi': [0, 0, 1, 0, 0, 1, 1], 'adf': [0, 1, 0, 0, 0, 1, 0]}
{'nsm': [-1, -1, -1, 1, 0, 0, -1], 'asi': [0, 1, 0, 1, -1, 0, 0], 'adf': [1, 1, 0, 1, 0, 0, -1]}
{'nsm': [-1, 0, -1, -1, -1, 1, 1], 'asi': [0, 0, 1, 0, 1, -1, 0], 'adf': [0, 1, 0, 0, 0, 1, -1]}
{'nsm': [0, 0, 0, -1, 0, 0, 1], 'asi': [1, -1, 1, -1, 0, 1, 1], 'adf': [1, 0, 0, -1, 0, 1, 0]}
{'nsm': [-1, 0, -1, 1, 0, 0, -1], 'asi': [0, 0, 1, 1, -1, 0, 0], 'adf': [0, 1, 0, 1, 0, 0, -1]}
{'nsm': [-1, -1, -1, 1, 0, 1, 1], 'asi': [0, 1, 0, 1, -1, 1, 0], 'adf': [1, 1, 0, 1, 0, 1, -1]}
{'nsm': [-1, 0, -1, -1, 0, 0, -1], 'asi': [0, 0, 1, 0, 0, 0, 1], 'adf': [0, 1, 0, 0, 0, 0, -1]}
{'nsm': [1, 1, 1, -1, 0, 1, 1], 'asi': [1, 0, -1, -1, 0, 1, 0], 'adf': [1, -1, -1, -1, 1, 0, 0]}
{'nsm': [0, 0, 0, 1, 0, 0, 1], 'asi': [1, 1, 1, 0, 0, 0, -1], 'adf': [1, 0, 0, -1, -1, -1, 1]}
Detailed mse by temperature for each model{0: [4.5356039771571215, 4.519379586509145, 4.505087910993393], 1: [4.558705045356087, 4.546264763051454, 4.527280374156812], 2: [6.049771594860285, 6.035325367251009, 6.047107474872195], 3: [6.078901222561404, 6.025026207001176, 6.044842765572078], 4: [36.15801131914921, 5.542822985344121, 5.524986914211359], 5: [96.9616981038936, 5.022385671975056, 5.039914260728932], 6: [7.522528650489492, 7.519752891557398, 7.563782064412709], 7: [4.0580619671165, 4.0327849478454985, 4.016393472026952], 8: [382989143407380.44, 7.55198951812706, 7.5659499781771515], 9: [21.183077379993577, 21.38529007470909, 36.90565955048568]}
MSE score [4.520023824886553, 4.544083394188117, 6.044068145661163, 6.049590065044886, 15.741940406234898, 35.6746660121992, 7.535354535486533, 4.035746795662983, 127663047802465.19, 26.491342335062782]
Average MSE result for this generation 12766304780257.582
Best MSE result for this generation is 4.035746795662983
Final population
{'nsm': [-1, 0, -1, -1, 0, 0, -1], 'asi': [0, 0, 1, 0, 0, 0, 1], 'adf': [0, 1, 0, 0, 0, 0, -1]}
{'nsm': [0, 0, 0, -1, 0, 0, -1], 'asi': [1, -1, 1, 0, 0, 0, 1], 'adf': [1, 0, 0, 1, 0, 0, -1]}
{'nsm': [-1, 0, -1, -1, 0, 0, 1], 'asi': [0, 0, 1, 0, 0, 1, 1], 'adf': [0, 1, 0, 0, 0, 1, 0]}
{'nsm': [-1, -1, -1, 1, 0, 0, -1], 'asi': [0, 1, 0, 1, -1, 0, 0], 'adf': [1, 1, 0, 1, 0, 0, -1]}
{'nsm': [-1, 0, -1, -1, 1, 0, -1], 'asi': [0, 0, 1, 0, 1, 0, 1], 'adf': [0, 1, 0, 0, 1, 0, -1]}
{'nsm': [0, 0, 0, -1, 0, 1, 1], 'asi': [1, -1, 1, 0, 0, 1, 1], 'adf': [1, 0, 0, 1, 0, 1, 0]}
{'nsm': [-1, 0, -1, 1, 0, 0, -1], 'asi': [0, 0, 1, 1, -1, 0, 0], 'adf': [0, 1, 0, 1, 0, 0, -1]}
{'nsm': [-1, -1, -1, 1, 0, 0, -1], 'asi': [0, 1, 0, 1, 0, 0, 1], 'adf': [1, 1, 0, 1, 0, 0, -1]}
{'nsm': [-1, 0, 1, 1, 1, -1, -1], 'asi': [0, 0, 0, -1, 1, -1, 1], 'adf': [1, -1, 0, 1, 0, 1, -1]}
{'nsm': [-1, 1, -1, -1, 1, 1, 1], 'asi': [0, -1, 1, 1, 0, 1, -1], 'adf': [-1, 0, 1, -1, -1, 0, 1]}
Detailed mse by temperature for each model{0: [4.0580619671165, 4.0327849478454985, 4.016393472026952], 1: [4.5356039771571215, 4.519379586509145, 4.505087910993393], 2: [4.558705045356087, 4.546264763051454, 4.527280374156812], 3: [6.049771594860285, 6.035325367251009, 6.047107474872195], 4: [5.529648714382634, 5.523764564019977, 5.540662847914385], 5: [21.12881881447951, 5.541161822051778, 5.525812499473887], 6: [96.96180219858871, 5.022259340824143, 5.040041815770476], 7: [6.049773116009027, 6.035276925684411, 6.046940449177272], 8: [176.03790551722648, 7.519154106984022, 7.533962125886865], 9: [24.13651637053848, 8.541192065663084, 135.213833501909]}
MSE score [4.035746795662983, 4.520023824886553, 4.544083394188117, 6.044068145661163, 5.531358708772333, 10.731931045335058, 35.674701118394445, 6.0439968302902365, 63.69700725003245, 55.963847312703514]
Best MSE score is 4.035746795662983
Average MSE result for this generation: 19.678676442592682
Best solution index is 0
total running time11451.605609893799
