using PSO
initial population size= 10
n_generation= 10
n_parents= 4
offspring_size= 4
random agents size= 2
gamma= 0.5
Generation 0
{'nsm': [0, 1, -1, 1, -1, 0, 0], 'asi': [-1, 1, -1, 1, -1, 1, 1], 'adf': [-1, -1, 0, -1, -1, 1, -1]}
{'nsm': [-1, 0, 1, 0, 1, 0, -1], 'asi': [0, -1, 0, 1, 1, 0, 0], 'adf': [1, -1, 0, -1, -1, 0, 1]}
{'nsm': [0, 1, 0, 0, 1, 0, 1], 'asi': [0, 0, 0, -1, 1, -1, -1], 'adf': [0, -1, -1, 1, -1, 0, 1]}
{'nsm': [-1, -1, 1, 0, -1, 0, 0], 'asi': [0, -1, 0, 1, 0, 0, 1], 'adf': [1, -1, -1, 0, -1, 1, 1]}
{'nsm': [-1, 0, 1, -1, 0, -1, -1], 'asi': [-1, -1, 1, 0, -1, 1, 1], 'adf': [0, 0, 0, 1, -1, 0, 1]}
{'nsm': [0, -1, 0, -1, 0, 0, 1], 'asi': [1, 0, 0, 0, 1, 0, 0], 'adf': [-1, 0, -1, -1, 0, -1, 1]}
{'nsm': [0, -1, -1, 1, -1, -1, 1], 'asi': [1, -1, -1, -1, 0, -1, 0], 'adf': [-1, 1, -1, 0, -1, 1, 0]}
{'nsm': [1, -1, -1, -1, 1, 1, 1], 'asi': [1, 1, 1, 0, 0, 0, -1], 'adf': [1, -1, -1, 1, 0, -1, -1]}
{'nsm': [1, 1, 0, 0, 1, -1, -1], 'asi': [0, 0, 1, 1, 1, 0, -1], 'adf': [0, 1, 0, 0, 1, 1, 0]}
{'nsm': [1, -1, 0, 0, 1, 0, -1], 'asi': [1, 1, 1, 0, 0, 1, 0], 'adf': [0, 1, -1, 0, -1, 0, 1]}
Detailed mse by temperature for each model{0: [39.12990125297859, 8.524949596245165, 8.527146121916811], 1: [6.056577711215954, 6.041847587531529, 6.050849539008118], 2: [128.8118231303771, 6.036487243200948, 6.041853025855051], 3: [37.165993615182074, 6.518543010183809, 52.116860592754485], 4: [7.038935575412175, 7.022420128682523, 7.005526145395924], 5: [5.050681467416685, 5.036043819852421, 5.044395075579714], 6: [131.1261870423785, 8.041201224684444, 38.54490088122712], 7: [23.565341224005586, 23.72753140108032, 8.532614523435027], 8: [97.98670202618261, 6.057000317170645, 6.068165888330604], 9: [6.05456707027305, 6.026346258896505, 6.0419352840797895]}
MSE score [18.727332323713522, 6.049758279251866, 46.96338779981104, 31.93379907270679, 7.022293949830207, 5.043706787616273, 59.23742971609668, 18.608495716173646, 36.70395607722796, 6.040949537749782]
Average MSE result for this generation 23.633110926017775
Best MSE result for this generation is 5.043706787616273
Generation 1
{'nsm': [0, -1, 0, -1, 0, 0, 1], 'asi': [1, 0, 0, 0, 1, 0, 0], 'adf': [-1, 0, -1, -1, 0, -1, 1]}
{'nsm': [1, -1, 0, 0, 1, 0, -1], 'asi': [1, 1, 1, 0, 0, 1, 0], 'adf': [0, 1, -1, 0, -1, 0, 1]}
{'nsm': [-1, 0, 1, 0, 1, 0, -1], 'asi': [0, -1, 0, 1, 1, 0, 0], 'adf': [1, -1, 0, -1, -1, 0, 1]}
{'nsm': [-1, 0, 1, -1, 0, -1, -1], 'asi': [-1, -1, 1, 0, -1, 1, 1], 'adf': [0, 0, 0, 1, -1, 0, 1]}
{'nsm': [0, -1, 0, 0, 1, 0, -1], 'asi': [1, 0, 0, 0, 0, 1, 0], 'adf': [-1, 0, -1, 0, -1, 0, 1]}
{'nsm': [1, -1, 0, 0, -1, 0, -1], 'asi': [1, 1, 1, 0, -1, 0, 0], 'adf': [0, 1, -1, 0, -1, 0, 1]}
{'nsm': [-1, 0, 1, 0, -1, -1, -1], 'asi': [0, -1, 0, 1, -1, 1, 1], 'adf': [1, -1, 0, -1, -1, 0, 1]}
{'nsm': [-1, 0, 1, 1, 0, 0, 1], 'asi': [-1, -1, 1, 1, 1, 0, 0], 'adf': [0, 0, 0, 1, 0, -1, 1]}
{'nsm': [0, -1, 0, 0, 0, -1, 0], 'asi': [1, 1, 0, 1, 0, -1, -1], 'adf': [1, -1, 1, 1, 1, 1, -1]}
{'nsm': [-1, -1, -1, 0, -1, 1, -1], 'asi': [1, 0, -1, -1, 0, 0, 0], 'adf': [0, 1, -1, 0, 0, 0, 1]}
Detailed mse by temperature for each model{0: [5.050681467416685, 5.036043819852421, 5.044395075579714], 1: [6.05456707027305, 6.026346258896505, 6.0419352840797895], 2: [6.056577711215954, 6.041847587531529, 6.050849539008118], 3: [7.038935575412175, 7.022420128682523, 7.005526145395924], 4: [96.46505526061736, 4.526121003074077, 20.115373450632006], 5: [6.0304110462814995, 6.026166721170994, 6.040264209916809], 6: [7.530098122647023, 7.509519094642354, 7.508683835702357], 7: [97.9629738462834, 6.023124548490177, 6.041623391850342], 8: [129.87228956258082, 7.060232594884444, 7.070902161964473], 9: [37.1748143523174, 6.024201870275327, 6.041950727724928]}
MSE score [5.043706787616273, 6.040949537749782, 6.049758279251866, 7.022293949830207, 40.368849904774486, 6.0322806591231, 7.516100350997244, 36.67590726220797, 48.00114143980991, 16.413655650105884]
Average MSE result for this generation 17.916464382146675
Best MSE result for this generation is 5.043706787616273
Generation 2
{'nsm': [0, -1, 0, -1, 0, 0, 1], 'asi': [1, 0, 0, 0, 1, 0, 0], 'adf': [-1, 0, -1, -1, 0, -1, 1]}
{'nsm': [1, -1, 0, 0, -1, 0, -1], 'asi': [1, 1, 1, 0, -1, 0, 0], 'adf': [0, 1, -1, 0, -1, 0, 1]}
{'nsm': [1, -1, 0, 0, 1, 0, -1], 'asi': [1, 1, 1, 0, 0, 1, 0], 'adf': [0, 1, -1, 0, -1, 0, 1]}
{'nsm': [-1, 0, 1, 0, 1, 0, -1], 'asi': [0, -1, 0, 1, 1, 0, 0], 'adf': [1, -1, 0, -1, -1, 0, 1]}
{'nsm': [0, -1, 0, -1, -1, 0, -1], 'asi': [1, 0, 0, -1, -1, 0, 0], 'adf': [-1, 0, -1, -1, -1, 0, 1]}
{'nsm': [1, -1, 0, 0, -1, 0, -1], 'asi': [1, 1, 1, 0, -1, 1, 0], 'adf': [0, 1, -1, 0, -1, 0, 1]}
{'nsm': [1, -1, 0, 0, 1, 0, -1], 'asi': [1, 1, 1, 0, 0, 0, 0], 'adf': [0, 1, -1, 0, -1, 0, 1]}
{'nsm': [-1, 0, 1, 0, 0, 0, 1], 'asi': [0, -1, 0, 0, 1, 0, 0], 'adf': [1, -1, 0, 0, 0, -1, 1]}
{'nsm': [-1, 0, 1, 1, 1, -1, 1], 'asi': [1, 1, -1, 1, 0, 0, -1], 'adf': [0, 1, 0, 1, 1, -1, -1]}
{'nsm': [1, 1, 0, 0, -1, -1, -1], 'asi': [1, -1, 1, -1, 0, -1, -1], 'adf': [0, 1, -1, -1, 0, 1, 0]}
Detailed mse by temperature for each model{0: [5.050681467416685, 5.036043819852421, 5.044395075579714], 1: [6.0304110462814995, 6.026166721170994, 6.040264209916809], 2: [6.05456707027305, 6.026346258896505, 6.0419352840797895], 3: [6.056577711215954, 6.041847587531529, 6.050849539008118], 4: [21.096874199718908, 6.0355641570814615, 52.0389735351827], 5: [6.607978153748166, 6.526357512403444, 6.538726691192961], 6: [5.530410951273599, 5.526166721164492, 5.540264209915804], 7: [4.550086308975517, 4.535825231099895, 19.663162001727216], 8: [161.99246598582215, 8.02552761084626, 8.043883655726399], 9: [7.541941858512498, 7.538053583722455, 118.81904053688707]}
MSE score [5.043706787616273, 6.0322806591231, 6.040949537749782, 6.049758279251866, 26.390470630661024, 6.55768745244819, 5.532280627451299, 9.583024513934209, 59.35395908413161, 44.633011993040675]
Average MSE result for this generation 17.521712956540803
Best MSE result for this generation is 5.043706787616273
Generation 3
{'nsm': [0, -1, 0, -1, 0, 0, 1], 'asi': [1, 0, 0, 0, 1, 0, 0], 'adf': [-1, 0, -1, -1, 0, -1, 1]}
{'nsm': [1, -1, 0, 0, 1, 0, -1], 'asi': [1, 1, 1, 0, 0, 0, 0], 'adf': [0, 1, -1, 0, -1, 0, 1]}
{'nsm': [1, -1, 0, 0, -1, 0, -1], 'asi': [1, 1, 1, 0, -1, 0, 0], 'adf': [0, 1, -1, 0, -1, 0, 1]}
{'nsm': [1, -1, 0, 0, 1, 0, -1], 'asi': [1, 1, 1, 0, 0, 1, 0], 'adf': [0, 1, -1, 0, -1, 0, 1]}
{'nsm': [0, -1, 0, 1, 1, 0, -1], 'asi': [1, 0, 0, 1, 0, 0, 0], 'adf': [-1, 0, -1, 1, -1, 0, 1]}
{'nsm': [1, -1, 0, 0, 1, 0, -1], 'asi': [1, 1, 1, 0, 0, 0, 0], 'adf': [0, 1, -1, 0, -1, 0, 1]}
{'nsm': [1, -1, 0, -1, 1, 0, -1], 'asi': [1, 1, 1, -1, 0, 1, 0], 'adf': [0, 1, -1, -1, -1, 0, 1]}
{'nsm': [1, -1, 0, -1, 0, 0, 1], 'asi': [1, 1, 1, -1, 1, 0, 0], 'adf': [0, 1, -1, -1, 0, -1, 1]}
{'nsm': [0, -1, 0, 0, -1, 1, 1], 'asi': [-1, 1, 0, 0, 1, 0, 1], 'adf': [1, 1, 0, 1, -1, 1, -1]}
{'nsm': [0, 1, -1, -1, 1, 1, 0], 'asi': [-1, 0, 1, 0, -1, 1, 0], 'adf': [-1, 0, 0, 0, -1, 1, -1]}
Detailed mse by temperature for each model{0: [5.050681467416685, 5.036043819852421, 5.044395075579714], 1: [5.530410951273599, 5.526166721164492, 5.540264209915804], 2: [6.0304110462814995, 6.026166721170994, 6.040264209916809], 3: [6.05456707027305, 6.026346258896505, 6.0419352840797895], 4: [5.566896326877019, 5.553827718639198, 6.695149717060216], 5: [5.530411608118675, 5.526166721170109, 5.540264209925174], 6: [38.1287284738048, 7.5200961284906, 22.446631909931426], 7: [37.62690135651157, 7.0202442512093155, 22.599491307178354], 8: [7.051519083755815, 7.0376885237524975, 21.959868378549302], 9: [6.528217633700514, 6.535162274729154, 6.534877106006581]}
MSE score [5.043706787616273, 5.532280627451299, 6.0322806591231, 6.040949537749782, 5.938624587525477, 5.532280846404653, 22.69848550407561, 22.415545638299744, 12.016358662019206, 6.532752338145417]
Average MSE result for this generation 9.778326518841055
Best MSE result for this generation is 5.043706787616273
Generation 4
{'nsm': [0, -1, 0, -1, 0, 0, 1], 'asi': [1, 0, 0, 0, 1, 0, 0], 'adf': [-1, 0, -1, -1, 0, -1, 1]}
{'nsm': [1, -1, 0, 0, 1, 0, -1], 'asi': [1, 1, 1, 0, 0, 0, 0], 'adf': [0, 1, -1, 0, -1, 0, 1]}
{'nsm': [1, -1, 0, 0, 1, 0, -1], 'asi': [1, 1, 1, 0, 0, 0, 0], 'adf': [0, 1, -1, 0, -1, 0, 1]}
{'nsm': [0, -1, 0, 1, 1, 0, -1], 'asi': [1, 0, 0, 1, 0, 0, 0], 'adf': [-1, 0, -1, 1, -1, 0, 1]}
{'nsm': [0, -1, 0, -1, 0, 0, -1], 'asi': [1, 0, 0, 0, 1, 0, 0], 'adf': [-1, 0, -1, -1, 0, 0, 1]}
{'nsm': [1, -1, 0, 0, 1, -1, -1], 'asi': [1, 1, 1, 0, 0, -1, 0], 'adf': [0, 1, -1, 0, -1, -1, 1]}
{'nsm': [1, -1, 0, 0, 1, 0, -1], 'asi': [1, 1, 1, 0, 0, 0, 0], 'adf': [0, 1, -1, 0, -1, 0, 1]}
{'nsm': [0, -1, 0, 1, 1, 0, 1], 'asi': [1, 0, 0, 1, 1, 0, 0], 'adf': [-1, 0, -1, 1, 1, -1, 1]}
{'nsm': [1, 0, -1, 0, -1, 0, 0], 'asi': [1, 0, -1, -1, 1, 1, 1], 'adf': [0, -1, 0, 1, 0, 1, 1]}
{'nsm': [-1, 1, 0, 1, 1, 1, 1], 'asi': [0, -1, 0, -1, -1, -1, 1], 'adf': [-1, -1, -1, -1, 1, 0, 0]}
Detailed mse by temperature for each model{0: [5.050681467416685, 5.036043819852421, 5.044395075579714], 1: [5.530410951273599, 5.526166721164492, 5.540264209915804], 2: [5.530411608118675, 5.526166721170109, 5.540264209925174], 3: [5.566896326877019, 5.553827718639198, 6.695149717060216], 4: [4.550550096719861, 4.53649196565589, 4.544464582476281], 5: [7.330989950730663, 7.026062086638804, 7.03951957924321], 6: [5.530411292397149, 5.526166721174393, 5.540283545323627], 7: [6.550614941107573, 6.5362923022529165, 6.544791232155196], 8: [191.34351700188992, 6.535234020248916, 6.553779404721748], 9: [100.82027223096648, 8.043543758241016, 8.040349203469768]}
MSE score [5.043706787616273, 5.532280627451299, 5.532280846404653, 5.938624587525477, 4.543835548284011, 7.1321905388708915, 5.53228718629839, 6.543899491838562, 68.14417680895353, 38.96805506422576]
Average MSE result for this generation 15.291133748746883
Best MSE result for this generation is 4.543835548284011
Generation 5
{'nsm': [0, -1, 0, -1, 0, 0, -1], 'asi': [1, 0, 0, 0, 1, 0, 0], 'adf': [-1, 0, -1, -1, 0, 0, 1]}
{'nsm': [0, -1, 0, -1, 0, 0, 1], 'asi': [1, 0, 0, 0, 1, 0, 0], 'adf': [-1, 0, -1, -1, 0, -1, 1]}
{'nsm': [1, -1, 0, 0, 1, 0, -1], 'asi': [1, 1, 1, 0, 0, 0, 0], 'adf': [0, 1, -1, 0, -1, 0, 1]}
{'nsm': [1, -1, 0, 0, 1, 0, -1], 'asi': [1, 1, 1, 0, 0, 0, 0], 'adf': [0, 1, -1, 0, -1, 0, 1]}
{'nsm': [0, -1, 0, 0, 0, 0, 1], 'asi': [1, 0, 0, 0, 1, 0, 0], 'adf': [-1, 0, -1, 0, 0, -1, 1]}
{'nsm': [0, -1, 0, -1, -1, 0, -1], 'asi': [1, 0, 0, 0, -1, 0, 0], 'adf': [-1, 0, -1, -1, -1, 0, 1]}
{'nsm': [1, -1, 0, 0, 1, -1, -1], 'asi': [1, 1, 1, 0, 0, -1, 0], 'adf': [0, 1, -1, 0, -1, -1, 1]}
{'nsm': [1, -1, 0, 0, 1, 0, -1], 'asi': [1, 1, 1, 0, 1, 0, 0], 'adf': [0, 1, -1, 0, 1, 0, 1]}
{'nsm': [0, 1, -1, 1, -1, 1, 0], 'asi': [-1, 1, 0, 1, 1, -1, 1], 'adf': [1, 0, 1, -1, -1, 0, 1]}
{'nsm': [-1, -1, 0, -1, 0, 0, 1], 'asi': [0, 1, -1, -1, 0, 1, -1], 'adf': [1, 1, -1, 0, -1, -1, -1]}
Detailed mse by temperature for each model{0: [4.550550096719861, 4.53649196565589, 4.544464582476281], 1: [5.050681467416685, 5.036043819852421, 5.044395075579714], 2: [5.530410951273599, 5.526166721164492, 5.540264209915804], 3: [5.530411608118675, 5.526166721170109, 5.540264209925174], 4: [4.0515366496595755, 4.038065893036676, 4.044855091519495], 5: [5.550671725930409, 21.234217603086414, 21.343823649309606], 6: [7.2638132746288395, 7.026007280626776, 7.039423267220214], 7: [6.030412335509816, 6.026166721173508, 6.04026420993673], 8: [99.97906277410938, 8.043992682778715, 8.05057242529346], 9: [7.5272783073868155, 7.51973362837052, 22.443172141219435]}
MSE score [4.543835548284011, 5.043706787616273, 5.532280627451299, 5.532280846404653, 4.044819211405248, 16.042904326108808, 7.109747940825277, 6.032281088873352, 38.69120929406052, 12.496728025658925]
Average MSE result for this generation 10.506979369668837
Best MSE result for this generation is 4.044819211405248
Generation 6
{'nsm': [0, -1, 0, 0, 0, 0, 1], 'asi': [1, 0, 0, 0, 1, 0, 0], 'adf': [-1, 0, -1, 0, 0, -1, 1]}
{'nsm': [0, -1, 0, -1, 0, 0, -1], 'asi': [1, 0, 0, 0, 1, 0, 0], 'adf': [-1, 0, -1, -1, 0, 0, 1]}
{'nsm': [0, -1, 0, -1, 0, 0, 1], 'asi': [1, 0, 0, 0, 1, 0, 0], 'adf': [-1, 0, -1, -1, 0, -1, 1]}
{'nsm': [1, -1, 0, 0, 1, 0, -1], 'asi': [1, 1, 1, 0, 0, 0, 0], 'adf': [0, 1, -1, 0, -1, 0, 1]}
{'nsm': [0, -1, 0, 0, 1, 0, -1], 'asi': [1, 0, 0, 0, 1, 0, 0], 'adf': [-1, 0, -1, 0, 1, 0, 1]}
{'nsm': [0, -1, 0, 0, 0, 0, 1], 'asi': [1, 0, 0, 0, 1, 0, 0], 'adf': [-1, 0, -1, 0, 0, -1, 1]}
{'nsm': [0, -1, 0, -1, 1, 0, -1], 'asi': [1, 0, 0, 0, 1, 0, 0], 'adf': [-1, 0, -1, -1, 1, 0, 1]}
{'nsm': [1, -1, 0, 0, 1, -1, 1], 'asi': [1, 1, 1, 0, 0, -1, 0], 'adf': [0, 1, -1, 0, -1, -1, 1]}
{'nsm': [1, -1, 1, -1, 0, -1, 1], 'asi': [-1, 0, 0, -1, -1, 1, 0], 'adf': [1, 0, 1, 0, -1, 0, -1]}
{'nsm': [0, 0, 1, 1, 1, 1, -1], 'asi': [0, 1, 0, 0, 1, 1, 1], 'adf': [0, 0, -1, 0, 0, -1, 0]}
Detailed mse by temperature for each model{0: [4.0515366496595755, 4.038065893036676, 4.044855091519495], 1: [4.550550096719861, 4.53649196565589, 4.544464582476281], 2: [5.050681467416685, 5.036043819852421, 5.044395075579714], 3: [5.530410951273599, 5.526166721164492, 5.540264209915804], 4: [4.559006559250879, 4.541549133725052, 4.553358996143714], 5: [4.051208582280982, 4.037863109674047, 4.045797211879943], 6: [5.551293049474531, 5.535325397251668, 35.57745371280086], 7: [7.590877520974227, 7.026030320329429, 7.039502707524113], 8: [68.46423885962632, 7.038470304744726, 7.042911535373556], 9: [5.540802876686104, 5.540913494963825, 5.54876339455521]}
MSE score [4.044819211405248, 4.543835548284011, 5.043706787616273, 5.532280627451299, 4.551304896373215, 4.044956301278324, 15.554690719842354, 7.218803516275924, 27.51520689991487, 5.543493255401713]
Average MSE result for this generation 8.359309776384324
Best MSE result for this generation is 4.044819211405248
Generation 7
{'nsm': [0, -1, 0, 0, 0, 0, 1], 'asi': [1, 0, 0, 0, 1, 0, 0], 'adf': [-1, 0, -1, 0, 0, -1, 1]}
{'nsm': [0, -1, 0, 0, 0, 0, 1], 'asi': [1, 0, 0, 0, 1, 0, 0], 'adf': [-1, 0, -1, 0, 0, -1, 1]}
{'nsm': [0, -1, 0, -1, 0, 0, -1], 'asi': [1, 0, 0, 0, 1, 0, 0], 'adf': [-1, 0, -1, -1, 0, 0, 1]}
{'nsm': [0, -1, 0, 0, 1, 0, -1], 'asi': [1, 0, 0, 0, 1, 0, 0], 'adf': [-1, 0, -1, 0, 1, 0, 1]}
{'nsm': [0, -1, 0, 0, 1, 0, 1], 'asi': [1, 0, 0, 0, 1, 0, 0], 'adf': [-1, 0, -1, 0, 1, -1, 1]}
{'nsm': [0, -1, 0, 0, 0, 1, -1], 'asi': [1, 0, 0, 0, 1, 1, 0], 'adf': [-1, 0, -1, 0, 0, 1, 1]}
{'nsm': [0, -1, 0, -1, 0, 1, -1], 'asi': [1, 0, 0, 0, 1, 1, 0], 'adf': [-1, 0, -1, -1, 0, 1, 1]}
{'nsm': [0, -1, 0, 0, 1, 1, 1], 'asi': [1, 0, 0, 0, 1, 1, 0], 'adf': [-1, 0, -1, 0, 1, 1, 1]}
{'nsm': [-1, 1, 1, 0, -1, -1, 1], 'asi': [-1, 0, 1, 0, 0, -1, -1], 'adf': [-1, 1, -1, 1, -1, 0, 1]}
{'nsm': [-1, 1, -1, 0, -1, 0, -1], 'asi': [0, 0, 1, -1, -1, 1, 0], 'adf': [-1, 1, 1, -1, -1, 1, 1]}
Detailed mse by temperature for each model{0: [4.0515366496595755, 4.038065893036676, 4.044855091519495], 1: [4.051208582280982, 4.037863109674047, 4.045797211879943], 2: [4.550550096719861, 4.53649196565589, 4.544464582476281], 3: [4.559006559250879, 4.541549133725052, 4.553358996143714], 4: [5.059024277668243, 5.041582460339922, 5.053533437260586], 5: [96.96311081386017, 5.024337321426741, 5.039645374660848], 6: [97.96079033835439, 6.023669515136192, 6.040956359865939], 7: [97.97071094858433, 6.028324674377919, 6.049022991480536], 8: [8.109261444446114, 23.21824323728496, 166.46908180796692], 9: [69.16519551550076, 8.044931313393882, 38.53762166196789]}
MSE score [4.044819211405248, 4.044956301278324, 4.543835548284011, 4.551304896373215, 5.051380058422917, 35.675697836649256, 36.67513873778551, 36.68268620481426, 65.932195496566, 38.58258283028751]
Average MSE result for this generation 23.57845971218662
Best MSE result for this generation is 4.044819211405248
Generation 8
{'nsm': [0, -1, 0, 0, 0, 0, 1], 'asi': [1, 0, 0, 0, 1, 0, 0], 'adf': [-1, 0, -1, 0, 0, -1, 1]}
{'nsm': [0, -1, 0, 0, 0, 0, 1], 'asi': [1, 0, 0, 0, 1, 0, 0], 'adf': [-1, 0, -1, 0, 0, -1, 1]}
{'nsm': [0, -1, 0, -1, 0, 0, -1], 'asi': [1, 0, 0, 0, 1, 0, 0], 'adf': [-1, 0, -1, -1, 0, 0, 1]}
{'nsm': [0, -1, 0, 0, 1, 0, -1], 'asi': [1, 0, 0, 0, 1, 0, 0], 'adf': [-1, 0, -1, 0, 1, 0, 1]}
{'nsm': [0, -1, 0, 0, 0, 1, 1], 'asi': [1, 0, 0, 0, 1, 1, 0], 'adf': [-1, 0, -1, 0, 0, 1, 1]}
{'nsm': [0, -1, 0, 0, -1, 0, -1], 'asi': [1, 0, 0, 0, -1, 0, 0], 'adf': [-1, 0, -1, 0, -1, 0, 1]}
{'nsm': [0, -1, 0, -1, 1, 0, -1], 'asi': [1, 0, 0, 0, 1, 0, 0], 'adf': [-1, 0, -1, -1, 1, 0, 1]}
{'nsm': [0, -1, 0, 1, 0, 0, 1], 'asi': [1, 0, 0, 1, 1, 0, 0], 'adf': [-1, 0, -1, 1, 0, -1, 1]}
{'nsm': [1, 0, 0, 1, 1, 1, 1], 'asi': [-1, -1, -1, 0, -1, 1, -1], 'adf': [1, 1, 0, -1, -1, -1, -1]}
{'nsm': [1, -1, 1, 1, 1, 0, 0], 'asi': [-1, 1, 0, 1, -1, 1, -1], 'adf': [1, 0, -1, -1, 1, 0, 0]}
Detailed mse by temperature for each model{0: [4.0515366496595755, 4.038065893036676, 4.044855091519495], 1: [4.051208582280982, 4.037863109674047, 4.045797211879943], 2: [4.550550096719861, 4.53649196565589, 4.544464582476281], 3: [4.559006559250879, 4.541549133725052, 4.553358996143714], 4: [96.96384806749778, 5.025335850018326, 5.041023634217297], 5: [4.552651433208665, 4.5390295861075565, 4.544318752514853], 6: [5.555018979317487, 5.535092165975593, 36.248691636196675], 7: [5.5493311924189905, 5.536248706461747, 5.544380119603927], 8: [117.82551793357179, 100.01954697846897, 211.11603105252522], 9: [99.81047926556205, 7.544007861558788, 7.546229151104479]}
MSE score [4.044819211405248, 4.044956301278324, 4.543835548284011, 4.551304896373215, 35.6767358505778, 4.545333257277025, 15.779600927163251, 5.543320006161555, 142.98703198818865, 38.30023875940844]
Average MSE result for this generation 26.00171767461175
Best MSE result for this generation is 4.044819211405248
Generation 9
{'nsm': [0, -1, 0, 0, 0, 0, 1], 'asi': [1, 0, 0, 0, 1, 0, 0], 'adf': [-1, 0, -1, 0, 0, -1, 1]}
{'nsm': [0, -1, 0, 0, 0, 0, 1], 'asi': [1, 0, 0, 0, 1, 0, 0], 'adf': [-1, 0, -1, 0, 0, -1, 1]}
{'nsm': [0, -1, 0, -1, 0, 0, -1], 'asi': [1, 0, 0, 0, 1, 0, 0], 'adf': [-1, 0, -1, -1, 0, 0, 1]}
{'nsm': [0, -1, 0, 0, -1, 0, -1], 'asi': [1, 0, 0, 0, -1, 0, 0], 'adf': [-1, 0, -1, 0, -1, 0, 1]}
{'nsm': [0, -1, 0, 0, 0, 0, 1], 'asi': [1, 0, 0, 0, 0, 0, 0], 'adf': [-1, 0, -1, 0, 0, -1, 1]}
{'nsm': [0, -1, 0, 0, 0, -1, -1], 'asi': [1, 0, 0, 0, 1, -1, 0], 'adf': [-1, 0, -1, 0, 0, -1, 1]}
{'nsm': [0, -1, 0, -1, 1, 0, -1], 'asi': [1, 0, 0, 0, 1, 0, 0], 'adf': [-1, 0, -1, -1, 1, 0, 1]}
{'nsm': [0, -1, 0, 1, 0, 0, 1], 'asi': [1, 0, 0, 1, 1, 0, 0], 'adf': [-1, 0, -1, 1, 0, -1, 1]}
{'nsm': [1, 1, -1, -1, -1, 0, 0], 'asi': [1, 1, -1, 0, 1, 1, 1], 'adf': [0, -1, 0, 0, 1, 1, 0]}
{'nsm': [0, 0, 1, 1, 0, -1, -1], 'asi': [0, 0, 0, 0, 1, 0, -1], 'adf': [0, -1, 1, -1, 0, 1, 1]}
Detailed mse by temperature for each model{0: [4.0515366496595755, 4.038065893036676, 4.044855091519495], 1: [4.051208582280982, 4.037863109674047, 4.045797211879943], 2: [4.550550096719861, 4.53649196565589, 4.544464582476281], 3: [4.552651433208665, 4.5390295861075565, 4.544318752514853], 4: [3.5503150953196094, 3.5382476424166764, 3.5451431380390295], 5: [158.99500304775825, 5.028679680113228, 5.042323985844332], 6: [35.710449275317735, 5.534977754510013, 20.458904370181642], 7: [5.549558897063272, 5.535531257213123, 21.117457486593715], 8: [161.01340201419313, 7.055629563386636, 7.067931700651334], 9: [5.567372078644324, 5.555387219849182, 5.565077136854233]}
MSE score [4.044819211405248, 4.044956301278324, 4.543835548284011, 4.545333257277025, 3.5445686252584387, 56.35533557123859, 20.568110466669797, 10.734182546956703, 58.37898775941037, 5.562612145115914]
Average MSE result for this generation 17.23227414328944
Best MSE result for this generation is 3.5445686252584387
Final population
{'nsm': [0, -1, 0, 0, 0, 0, 1], 'asi': [1, 0, 0, 0, 0, 0, 0], 'adf': [-1, 0, -1, 0, 0, -1, 1]}
{'nsm': [0, -1, 0, 0, 0, 0, 1], 'asi': [1, 0, 0, 0, 1, 0, 0], 'adf': [-1, 0, -1, 0, 0, -1, 1]}
{'nsm': [0, -1, 0, 0, 0, 0, 1], 'asi': [1, 0, 0, 0, 1, 0, 0], 'adf': [-1, 0, -1, 0, 0, -1, 1]}
{'nsm': [0, -1, 0, -1, 0, 0, -1], 'asi': [1, 0, 0, 0, 1, 0, 0], 'adf': [-1, 0, -1, -1, 0, 0, 1]}
{'nsm': [0, -1, 0, 0, 0, 0, 1], 'asi': [1, 0, 0, 0, 1, 0, 0], 'adf': [-1, 0, -1, 0, 0, -1, 1]}
{'nsm': [0, -1, 0, 0, 0, 0, 1], 'asi': [1, 0, 0, 0, 0, 0, 0], 'adf': [-1, 0, -1, 0, 0, -1, 1]}
{'nsm': [0, -1, 0, 0, -1, 0, -1], 'asi': [1, 0, 0, 0, -1, 0, 0], 'adf': [-1, 0, -1, 0, -1, 0, 1]}
{'nsm': [0, -1, 0, -1, 0, 1, 1], 'asi': [1, 0, 0, 0, 1, 1, 0], 'adf': [-1, 0, -1, -1, 0, 1, 1]}
{'nsm': [0, 0, 1, 1, -1, 1, -1], 'asi': [-1, 0, 1, -1, -1, 1, 1], 'adf': [-1, 1, 1, 1, 1, 1, 0]}
{'nsm': [0, -1, -1, 0, 0, 1, 1], 'asi': [-1, -1, -1, 1, 1, 1, 0], 'adf': [-1, 0, -1, 0, -1, 0, -1]}
Detailed mse by temperature for each model{0: [3.5503150953196094, 3.5382476424166764, 3.5451431380390295], 1: [4.0515366496595755, 4.038065893036676, 4.044855091519495], 2: [4.051208582280982, 4.037863109674047, 4.045797211879943], 3: [4.550550096719861, 4.53649196565589, 4.544464582476281], 4: [4.051238701519231, 4.037995128993236, 4.046545602670337], 5: [3.5521180969163377, 3.538518691421331, 3.5456777809369675], 6: [4.553042671460885, 4.539666008080866, 4.54513464303223], 7: [97.96124682990855, 6.023717231531161, 6.040973061062911], 8: [55.110074739193415, 24.130527099036286, 8.525696582896744], 9: [37.63248029648662, 7.0189426795691965, 7.022893684650848]}
MSE score [3.5445686252584387, 4.044819211405248, 4.044956301278324, 4.543835548284011, 4.045259811060935, 3.545438189758212, 4.545947774191327, 36.67531237416754, 29.25543280704215, 17.224772220235554]
Best MSE score is 3.5445686252584387
Average MSE result for this generation: 11.147034286268173
Best solution index is 0
total running time20596.42614889145
