using PSO
initial population size= 10
n_generation= 5
n_parents= 4
offspring_size= 4
random agents size= 2
gamma= 0.5
Generation 0
{'nsm': [-1, 1, -1, -1, 0, -1, -1], 'asi': [-1, -1, 1, 1, 0, 0, -1], 'adf': [-1, 1, 1, -1, 0, -1, 0]}
{'nsm': [1, 1, 0, -1, -1, 0, 1], 'asi': [0, 1, 0, -1, 1, 1, 0], 'adf': [0, 1, -1, 0, -1, 0, 1]}
{'nsm': [-1, 1, 0, -1, 1, 1, -1], 'asi': [-1, -1, 1, 1, -1, 1, 0], 'adf': [1, 1, 1, 1, 0, 1, 1]}
{'nsm': [-1, 0, -1, -1, 1, -1, -1], 'asi': [1, -1, 0, 0, -1, 0, 0], 'adf': [-1, 0, -1, 1, 0, 1, 0]}
{'nsm': [1, 1, -1, -1, -1, 1, -1], 'asi': [0, 1, 0, -1, -1, -1, -1], 'adf': [-1, 1, 1, 0, -1, 1, -1]}
{'nsm': [1, 1, 1, 0, 1, -1, -1], 'asi': [1, 0, 0, 0, 1, 0, 1], 'adf': [1, -1, -1, 0, 1, 1, 1]}
{'nsm': [0, -1, 1, -1, -1, 0, 0], 'asi': [-1, 0, 1, 0, -1, 1, 0], 'adf': [0, 1, -1, 1, -1, 1, -1]}
{'nsm': [-1, 0, -1, -1, -1, 0, 0], 'asi': [1, 1, 0, 1, -1, 0, 1], 'adf': [1, 0, -1, -1, -1, -1, 0]}
{'nsm': [1, 0, 0, 0, 1, -1, -1], 'asi': [-1, 0, 1, 1, -1, 1, 1], 'adf': [-1, -1, -1, 1, -1, 0, 1]}
{'nsm': [1, -1, 0, -1, 1, 0, 1], 'asi': [0, 1, 1, -1, 1, 1, 0], 'adf': [-1, 1, 1, 1, -1, -1, 1]}
Detailed mse by temperature for each model{0: [115.59502647643814, 8.031225683616391, 166.48410207449504], 1: [6.5333277091248085, 6.529014646748438, 6.538781445585899], 2: [100.98645737188104, 9.055107451668114, 9.059023776823164], 3: [6.56669210765809, 6.554245212432083, 6.564109497358863], 4: [131.82680168450503, 9.045119499681679, 39.54340178323726], 5: [7.565548584373099, 7.555041672925225, 7.560311155078296], 6: [7.032732489848873, 7.029337841279218, 7.039768720740597], 7: [7.069365092588676, 7.05970016484024, 7.066874912090626], 8: [101.22856790292833, 8.033897955045301, 23.795039971545258], 9: [131.29702616273715, 70.11492428811371, 39.97559802375135]}
MSE score [96.70345141151653, 6.5337079338197155, 39.700196200124104, 6.561682272483012, 60.138440989141316, 7.560300470792207, 7.033946350622895, 7.065313389839847, 44.35250194317297, 80.46251615820074]
Average MSE result for this generation 35.61120571197133
Best MSE result for this generation is 6.5337079338197155
Generation 1
{'nsm': [1, 1, 0, -1, -1, 0, 1], 'asi': [0, 1, 0, -1, 1, 1, 0], 'adf': [0, 1, -1, 0, -1, 0, 1]}
{'nsm': [-1, 0, -1, -1, 1, -1, -1], 'asi': [1, -1, 0, 0, -1, 0, 0], 'adf': [-1, 0, -1, 1, 0, 1, 0]}
{'nsm': [0, -1, 1, -1, -1, 0, 0], 'asi': [-1, 0, 1, 0, -1, 1, 0], 'adf': [0, 1, -1, 1, -1, 1, -1]}
{'nsm': [-1, 0, -1, -1, -1, 0, 0], 'asi': [1, 1, 0, 1, -1, 0, 1], 'adf': [1, 0, -1, -1, -1, -1, 0]}
{'nsm': [1, 1, 0, 1, 1, -1, -1], 'asi': [0, 1, 0, 1, -1, 0, 0], 'adf': [0, 1, -1, 1, 0, 1, 0]}
{'nsm': [-1, 0, -1, -1, 1, 0, 0], 'asi': [1, -1, 0, 0, -1, 0, 0], 'adf': [-1, 0, -1, 1, 0, 0, -1]}
{'nsm': [0, -1, 1, -1, -1, -1, 0], 'asi': [-1, 0, 1, 0, -1, -1, 1], 'adf': [0, 1, -1, 1, -1, -1, 0]}
{'nsm': [-1, 0, -1, -1, -1, 0, 1], 'asi': [1, 1, 0, 1, -1, 0, 0], 'adf': [1, 0, -1, -1, -1, 0, 1]}
{'nsm': [-1, 1, -1, -1, 0, -1, -1], 'asi': [0, 1, -1, 0, -1, -1, 0], 'adf': [0, 0, -1, 0, 1, -1, 1]}
{'nsm': [1, -1, -1, 0, -1, 1, 1], 'asi': [0, 0, 1, 1, -1, -1, 1], 'adf': [-1, 1, -1, -1, 0, 1, 0]}
Detailed mse by temperature for each model{0: [6.5333277091248085, 6.529014646748438, 6.538781445585899], 1: [6.56669210765809, 6.554245212432083, 6.564109497358863], 2: [7.032732489848873, 7.029337841279218, 7.039768720740597], 3: [7.069365092588676, 7.05970016484024, 7.066874912090626], 4: [6.5705261778903274, 6.560248019553512, 6.568747949486545], 5: [5.552370131181777, 5.54097501609079, 5.546378848640639], 6: [7.559153935449291, 7.533519749620026, 7.527431861975747], 7: [22.209512693380674, 22.909446755405757, 7.046895688748302], 8: [37.641441630776924, 7.029371603055434, 7.047338975285034], 9: [146.56866904174225, 23.64251830127928, 38.51387057501429]}
MSE score [6.5337079338197155, 6.561682272483012, 7.033946350622895, 7.065313389839847, 6.566507382310128, 5.546574665304402, 7.540035182348355, 17.388618379178244, 17.2393840697058, 69.57501930601195]
Average MSE result for this generation 15.105078893162437
Best MSE result for this generation is 5.546574665304402
Generation 2
{'nsm': [-1, 0, -1, -1, 1, 0, 0], 'asi': [1, -1, 0, 0, -1, 0, 0], 'adf': [-1, 0, -1, 1, 0, 0, -1]}
{'nsm': [1, 1, 0, -1, -1, 0, 1], 'asi': [0, 1, 0, -1, 1, 1, 0], 'adf': [0, 1, -1, 0, -1, 0, 1]}
{'nsm': [-1, 0, -1, -1, 1, -1, -1], 'asi': [1, -1, 0, 0, -1, 0, 0], 'adf': [-1, 0, -1, 1, 0, 1, 0]}
{'nsm': [1, 1, 0, 1, 1, -1, -1], 'asi': [0, 1, 0, 1, -1, 0, 0], 'adf': [0, 1, -1, 1, 0, 1, 0]}
{'nsm': [-1, 0, -1, 1, -1, 0, 1], 'asi': [1, -1, 0, 1, 1, 1, 0], 'adf': [-1, 0, -1, 1, -1, 0, 1]}
{'nsm': [1, 1, 0, -1, 1, -1, -1], 'asi': [0, 1, 0, -1, 1, 0, 0], 'adf': [0, 1, -1, 0, 1, 1, 0]}
{'nsm': [-1, 0, -1, -1, 1, -1, -1], 'asi': [1, -1, 0, 0, 1, 0, 0], 'adf': [-1, 0, -1, 1, 1, 1, 0]}
{'nsm': [1, 1, 0, 1, -1, 0, 0], 'asi': [0, 1, 0, 1, -1, 0, 0], 'adf': [0, 1, -1, 1, -1, 0, -1]}
{'nsm': [0, -1, -1, 0, 0, -1, -1], 'asi': [1, 1, -1, 1, -1, -1, 1], 'adf': [0, 0, 0, -1, 1, -1, 1]}
{'nsm': [1, 0, 0, -1, 1, 1, -1], 'asi': [0, 0, 1, -1, 1, -1, -1], 'adf': [-1, -1, -1, 0, 0, 0, -1]}
Detailed mse by temperature for each model{0: [5.552370131181777, 5.54097501609079, 5.546378848640639], 1: [6.5333277091248085, 6.529014646748438, 6.538781445585899], 2: [6.56669210765809, 6.554245212432083, 6.564109497358863], 3: [6.5705261778903274, 6.560248019553512, 6.568747949486545], 4: [99.47349994066107, 7.5241633466920295, 69.74085235451894], 5: [6.57046011370087, 6.560083921716899, 6.568255255001149], 6: [7.067419913100473, 7.054313619937295, 7.064944482980349], 7: [6.0538405958262596, 6.041750405391911, 6.048059733861037], 8: [130.89185793005794, 7.5265191702814755, 23.116233627975728], 9: [7.020914520961161, 7.021950315966166, 7.034257917418757]}
MSE score [5.546574665304402, 6.5337079338197155, 6.561682272483012, 6.566507382310128, 58.912838547290676, 6.566266430139639, 7.062226005339372, 6.047883578359737, 53.84487024277172, 7.025707584782027]
Average MSE result for this generation 16.466826464260045
Best MSE result for this generation is 5.546574665304402
Generation 3
{'nsm': [-1, 0, -1, -1, 1, 0, 0], 'asi': [1, -1, 0, 0, -1, 0, 0], 'adf': [-1, 0, -1, 1, 0, 0, -1]}
{'nsm': [1, 1, 0, 1, -1, 0, 0], 'asi': [0, 1, 0, 1, -1, 0, 0], 'adf': [0, 1, -1, 1, -1, 0, -1]}
{'nsm': [1, 1, 0, -1, -1, 0, 1], 'asi': [0, 1, 0, -1, 1, 1, 0], 'adf': [0, 1, -1, 0, -1, 0, 1]}
{'nsm': [-1, 0, -1, -1, 1, -1, -1], 'asi': [1, -1, 0, 0, -1, 0, 0], 'adf': [-1, 0, -1, 1, 0, 1, 0]}
{'nsm': [-1, 0, -1, -1, 1, -1, 0], 'asi': [1, -1, 0, 0, -1, -1, 0], 'adf': [-1, 0, -1, 1, 0, -1, -1]}
{'nsm': [1, 1, 0, 1, 0, 0, 1], 'asi': [0, 1, 0, 1, 0, 1, 0], 'adf': [0, 1, -1, 1, 0, 0, 1]}
{'nsm': [1, 1, 0, -1, 1, -1, -1], 'asi': [0, 1, 0, -1, -1, 0, 0], 'adf': [0, 1, -1, -1, 0, 1, 0]}
{'nsm': [-1, 0, -1, -1, 1, 0, 0], 'asi': [1, -1, 0, 0, -1, 0, 0], 'adf': [-1, 0, -1, 1, 0, 0, -1]}
{'nsm': [1, 0, 1, -1, 0, 0, 0], 'asi': [-1, 1, 0, -1, -1, 1, -1], 'adf': [0, 1, 1, 0, -1, -1, -1]}
{'nsm': [1, 1, 0, 0, -1, 1, 0], 'asi': [-1, 0, 0, -1, -1, 0, 1], 'adf': [0, -1, -1, -1, -1, -1, 0]}
Detailed mse by temperature for each model{0: [5.552370131181777, 5.54097501609079, 5.546378848640639], 1: [6.0538405958262596, 6.041750405391911, 6.048059733861037], 2: [6.5333277091248085, 6.529014646748438, 6.538781445585899], 3: [6.56669210765809, 6.554245212432083, 6.564109497358863], 4: [257.41987250260865, 7.031778253155122, 9.245504721284592], 5: [5.526243785673863, 5.526658143886862, 5.530906220697236], 6: [6.570460113702889, 6.560083921723398, 6.56825525500049], 7: [5.5531746955553825, 5.540116353288189, 5.546684720500477], 8: [68.46789359152478, 7.045615583230262, 7.046810840512523], 9: [6.568418465960773, 6.546485101003566, 6.53348095204375]}
MSE score [5.546574665304402, 6.047883578359737, 6.5337079338197155, 6.561682272483012, 91.23238515901612, 5.527936050085987, 6.566266430142259, 5.546658589781349, 27.520106671755855, 6.54946150633603]
Average MSE result for this generation 16.763266285708447
Best MSE result for this generation is 5.527936050085987
Generation 4
{'nsm': [1, 1, 0, 1, 0, 0, 1], 'asi': [0, 1, 0, 1, 0, 1, 0], 'adf': [0, 1, -1, 1, 0, 0, 1]}
{'nsm': [-1, 0, -1, -1, 1, 0, 0], 'asi': [1, -1, 0, 0, -1, 0, 0], 'adf': [-1, 0, -1, 1, 0, 0, -1]}
{'nsm': [-1, 0, -1, -1, 1, 0, 0], 'asi': [1, -1, 0, 0, -1, 0, 0], 'adf': [-1, 0, -1, 1, 0, 0, -1]}
{'nsm': [1, 1, 0, 1, -1, 0, 0], 'asi': [0, 1, 0, 1, -1, 0, 0], 'adf': [0, 1, -1, 1, -1, 0, -1]}
{'nsm': [1, 1, 0, 1, 0, 0, 0], 'asi': [0, 1, 0, 1, 0, 0, 0], 'adf': [0, 1, -1, 1, 0, 0, -1]}
{'nsm': [-1, 0, -1, -1, 1, -1, 0], 'asi': [1, -1, 0, 0, -1, -1, 0], 'adf': [-1, 0, -1, 1, 0, -1, -1]}
{'nsm': [-1, 0, -1, -1, 1, -1, 0], 'asi': [1, -1, 0, 0, -1, -1, 0], 'adf': [-1, 0, -1, 1, 0, -1, -1]}
{'nsm': [1, 1, 0, 0, 0, 0, 1], 'asi': [0, 1, 0, 0, 0, 1, 0], 'adf': [0, 1, -1, 0, 0, 0, 1]}
{'nsm': [-1, -1, 1, 0, 0, 0, 1], 'asi': [1, 1, -1, 1, 0, -1, 0], 'adf': [1, 1, 1, 0, -1, 0, -1]}
{'nsm': [-1, 1, 1, 0, 0, 1, 0], 'asi': [1, 1, 0, 0, 0, -1, 0], 'adf': [0, -1, -1, -1, -1, 0, 0]}
Detailed mse by temperature for each model{0: [5.526243785673863, 5.526658143886862, 5.530906220697236], 1: [5.552370131181777, 5.54097501609079, 5.546378848640639], 2: [5.5531746955553825, 5.540116353288189, 5.546684720500477], 3: [6.0538405958262596, 6.041750405391911, 6.048059733861037], 4: [4.553929410002372, 4.542214128361428, 4.5480032593042985], 5: [130.42081586847985, 8.416440933584107, 28968.048405258076], 6: [204.12655220609454, 7.039290958698443, 12.998275609623231], 7: [4.037884326382356, 4.039192036961954, 4.043207078501036], 8: [161.01102596940862, 7.044821357905069, 7.066633821158454], 9: [159.5123671024952, 5.549649214565179, 5.565487183198083]}
MSE score [5.527936050085987, 5.546574665304402, 5.546658589781349, 6.047883578359737, 4.548048932556033, 9702.295220686714, 74.72137292480541, 4.040094480615116, 58.37416038282405, 56.875834500086164]
Average MSE result for this generation 992.3523784791132
Best MSE result for this generation is 4.040094480615116
Final population
{'nsm': [1, 1, 0, 0, 0, 0, 1], 'asi': [0, 1, 0, 0, 0, 1, 0], 'adf': [0, 1, -1, 0, 0, 0, 1]}
{'nsm': [1, 1, 0, 1, 0, 0, 0], 'asi': [0, 1, 0, 1, 0, 0, 0], 'adf': [0, 1, -1, 1, 0, 0, -1]}
{'nsm': [1, 1, 0, 1, 0, 0, 1], 'asi': [0, 1, 0, 1, 0, 1, 0], 'adf': [0, 1, -1, 1, 0, 0, 1]}
{'nsm': [-1, 0, -1, -1, 1, 0, 0], 'asi': [1, -1, 0, 0, -1, 0, 0], 'adf': [-1, 0, -1, 1, 0, 0, -1]}
{'nsm': [1, 1, 0, 0, 0, 0, 0], 'asi': [0, 1, 0, 0, 0, 0, 0], 'adf': [0, 1, -1, 0, 0, 0, -1]}
{'nsm': [1, 1, 0, -1, 0, 0, 1], 'asi': [0, 1, 0, -1, 0, 1, 0], 'adf': [0, 1, -1, -1, 0, 0, 1]}
{'nsm': [1, 1, 0, 1, 0, 0, 0], 'asi': [0, 1, 0, 1, 0, 0, 0], 'adf': [0, 1, -1, 1, 0, 0, -1]}
{'nsm': [-1, 0, -1, -1, 1, 0, 1], 'asi': [1, -1, 0, 0, -1, 0, 0], 'adf': [-1, 0, -1, 1, 0, 0, 1]}
{'nsm': [0, 1, 1, 0, 0, 1, 0], 'asi': [1, -1, 1, -1, -1, 1, 0], 'adf': [-1, 0, -1, 1, 1, -1, -1]}
{'nsm': [0, -1, -1, -1, -1, -1, 1], 'asi': [0, 1, 0, 0, 0, 0, -1], 'adf': [-1, -1, -1, -1, -1, 1, -1]}
Detailed mse by temperature for each model{0: [4.037884326382356, 4.039192036961954, 4.043207078501036], 1: [4.553929410002372, 4.542214128361428, 4.5480032593042985], 2: [5.526243785673863, 5.526658143886862, 5.530906220697236], 3: [5.552370131181777, 5.54097501609079, 5.546378848640639], 4: [3.0655302917368634, 3.0549515823699824, 3.060183086684254], 5: [5.52518403378871, 5.525127381883893, 20.44546317406412], 6: [4.553840595826683, 4.54175040537939, 4.548003259313568], 7: [6.051948037234481, 6.053048340391903, 6.044456781916432], 8: [38.13237912700482, 7.525634361643894, 7.539721485087779], 9: [7.548762986601323, 7.5348995146659075, 7.544405968430518]}
MSE score [4.040094480615116, 4.548048932556033, 5.527936050085987, 5.546574665304402, 3.060221653597033, 10.498591529912241, 4.5478647535065475, 6.0498177198476055, 17.73257832457883, 7.542689489899249]
Best MSE score is 3.060221653597033
Average MSE result for this generation: 6.9094417599903055
Best solution index is 4
total running time11543.677475214005
