using PSO
initial population size= 10
n_generation= 5
n_parents= 4
offspring_size= 4
random agents size= 2
gamma= 0.5
Generation 0
{'nsm': [0, 1, -1, 1, -1, 1, -1], 'asi': [-1, -1, -1, 0, 1, -1, 1], 'adf': [0, -1, 0, 1, 1, -1, 0]}
{'nsm': [0, -1, -1, 1, 1, -1, 1], 'asi': [-1, 0, 0, 0, 0, 1, 1], 'adf': [-1, 1, -1, 1, 1, -1, 1]}
{'nsm': [-1, 1, 1, -1, -1, -1, -1], 'asi': [-1, 0, 1, -1, -1, -1, 1], 'adf': [1, 0, -1, -1, 1, 0, 0]}
{'nsm': [0, 1, -1, 1, -1, 0, 0], 'asi': [1, -1, 0, -1, 0, 1, 1], 'adf': [-1, -1, -1, 1, -1, -1, 1]}
{'nsm': [1, -1, 0, 0, 1, 1, 0], 'asi': [1, 1, -1, 1, -1, 0, 1], 'adf': [0, -1, -1, -1, -1, 0, 1]}
{'nsm': [0, 0, 0, 0, -1, -1, 0], 'asi': [1, 1, 0, -1, 0, -1, 1], 'adf': [0, 0, -1, 0, 1, 0, -1]}
{'nsm': [0, 0, 0, 1, 1, 1, -1], 'asi': [1, -1, -1, 0, -1, -1, -1], 'adf': [0, -1, 1, -1, 0, 1, -1]}
{'nsm': [-1, -1, 1, 1, 0, -1, 1], 'asi': [-1, 1, -1, -1, -1, -1, 0], 'adf': [-1, -1, 1, 0, -1, 0, 1]}
{'nsm': [-1, 0, -1, -1, 1, -1, 1], 'asi': [-1, 1, 0, 0, 1, 0, 1], 'adf': [-1, -1, -1, -1, 0, -1, 1]}
{'nsm': [-1, 0, -1, 1, 1, -1, 0], 'asi': [1, 1, 1, 1, 0, 1, 0], 'adf': [0, -1, 0, 0, -1, 0, 1]}
Detailed mse by temperature for each model{0: [38.64514495499834, 8.044406019420759, 8.058159129818838], 1: [23.650381894621656, 23.699882269679094, 8.009696739636395], 2: [8.539445311960773, 8.52966466145751, 8.52727050413574], 3: [147.47243364778205, 38.959958887108954, 54.690262666996375], 4: [161.50034948432963, 7.5419786219826666, 22.46542353380098], 5: [159.00847526317267, 5.044922865362374, 5.058286496768702], 6: [100.70955431045985, 38.80779997826224, 182.40890805909774], 7: [69.96134996260116, 8.53938334044375, 39.038987815396936], 8: [8.051051944732302, 8.035956460384089, 8.044615423680705], 9: [98.47297790667432, 6.531499440286188, 6.5525887624384405]}
MSE score [18.249236701412645, 18.453320301312385, 8.532126825851341, 80.37421840062912, 63.8359172133711, 56.370561541767906, 107.30875411593995, 39.17990703948062, 8.043874609599031, 37.18568870313298]
Average MSE result for this generation 43.75336054524971
Best MSE result for this generation is 8.043874609599031
Generation 1
{'nsm': [-1, 0, -1, -1, 1, -1, 1], 'asi': [-1, 1, 0, 0, 1, 0, 1], 'adf': [-1, -1, -1, -1, 0, -1, 1]}
{'nsm': [-1, 1, 1, -1, -1, -1, -1], 'asi': [-1, 0, 1, -1, -1, -1, 1], 'adf': [1, 0, -1, -1, 1, 0, 0]}
{'nsm': [0, 1, -1, 1, -1, 1, -1], 'asi': [-1, -1, -1, 0, 1, -1, 1], 'adf': [0, -1, 0, 1, 1, -1, 0]}
{'nsm': [0, -1, -1, 1, 1, -1, 1], 'asi': [-1, 0, 0, 0, 0, 1, 1], 'adf': [-1, 1, -1, 1, 1, -1, 1]}
{'nsm': [-1, 0, -1, -1, 1, -1, -1], 'asi': [-1, 1, 0, 0, 1, -1, 1], 'adf': [-1, -1, -1, -1, 1, 0, 0]}
{'nsm': [-1, 1, 1, -1, -1, -1, -1], 'asi': [-1, 0, 1, -1, -1, -1, 1], 'adf': [1, 0, -1, -1, 1, -1, 0]}
{'nsm': [0, 1, -1, 1, -1, 0, 1], 'asi': [-1, -1, -1, 0, 1, 0, 1], 'adf': [0, -1, 0, 1, 1, 0, 1]}
{'nsm': [0, -1, -1, 1, 0, -1, 1], 'asi': [-1, 0, 0, 0, 0, 0, 1], 'adf': [-1, 1, -1, 1, 0, -1, 1]}
{'nsm': [-1, 0, 0, 1, 1, 0, 1], 'asi': [1, 0, -1, 1, -1, -1, 1], 'adf': [-1, 0, 0, 1, 0, 1, 1]}
{'nsm': [-1, 0, 0, -1, 1, 0, -1], 'asi': [-1, -1, 0, 1, 1, -1, 0], 'adf': [-1, -1, -1, 0, -1, 0, -1]}
Detailed mse by temperature for each model{0: [8.051051944732302, 8.035956460384089, 8.044615423680705], 1: [8.539445311960773, 8.52966466145751, 8.52727050413574], 2: [38.64514495499834, 8.044406019420759, 8.058159129818838], 3: [23.650381894621656, 23.699882269679094, 8.009696739636395], 4: [38.92578623968443, 8.03793314721399, 8.046882493100446], 5: [9.040077433274732, 9.02985709464582, 9.027333130293025], 6: [37.63034885283834, 7.027554272508283, 7.040977982644485], 7: [6.546612442456417, 21.877223947851732, 21.422904408566243], 8: [145.45550920728166, 38.28618897183955, 38.24898733965718], 9: [160.68581359235105, 7.019490821581948, 7.026147467199995]}
MSE score [8.043874609599031, 8.532126825851341, 18.249236701412645, 18.453320301312385, 18.336867293332954, 9.032422552737858, 17.232960369330367, 16.615580266291463, 73.99689517292613, 58.243817293711]
Average MSE result for this generation 24.673710138650517
Best MSE result for this generation is 8.043874609599031
Generation 2
{'nsm': [-1, 0, -1, -1, 1, -1, 1], 'asi': [-1, 1, 0, 0, 1, 0, 1], 'adf': [-1, -1, -1, -1, 0, -1, 1]}
{'nsm': [-1, 1, 1, -1, -1, -1, -1], 'asi': [-1, 0, 1, -1, -1, -1, 1], 'adf': [1, 0, -1, -1, 1, 0, 0]}
{'nsm': [-1, 1, 1, -1, -1, -1, -1], 'asi': [-1, 0, 1, -1, -1, -1, 1], 'adf': [1, 0, -1, -1, 1, -1, 0]}
{'nsm': [0, -1, -1, 1, 0, -1, 1], 'asi': [-1, 0, 0, 0, 0, 0, 1], 'adf': [-1, 1, -1, 1, 0, -1, 1]}
{'nsm': [-1, 0, -1, 1, -1, -1, -1], 'asi': [-1, 1, 0, 1, -1, -1, 1], 'adf': [-1, -1, -1, 1, 1, 0, 0]}
{'nsm': [-1, 1, 1, -1, -1, 0, -1], 'asi': [-1, 0, 1, -1, -1, 0, 1], 'adf': [1, 0, -1, -1, 1, 0, 0]}
{'nsm': [-1, 1, 1, 1, 0, -1, 1], 'asi': [-1, 0, 1, 1, 0, 0, 1], 'adf': [1, 0, -1, 1, 0, -1, 1]}
{'nsm': [0, -1, -1, -1, 1, -1, 1], 'asi': [-1, 0, 0, -1, 1, 0, 1], 'adf': [-1, 1, -1, -1, 0, -1, 1]}
{'nsm': [0, 0, -1, 0, 0, -1, 0], 'asi': [0, -1, 1, 0, 1, -1, 1], 'adf': [0, 1, -1, -1, 0, 0, 0]}
{'nsm': [1, 0, 0, 0, -1, 0, 1], 'asi': [0, 1, 1, -1, 1, 1, -1], 'adf': [1, 1, 0, 1, 0, -1, 1]}
Detailed mse by temperature for each model{0: [8.051051944732302, 8.035956460384089, 8.044615423680705], 1: [8.539445311960773, 8.52966466145751, 8.52727050413574], 2: [9.040077433274732, 9.02985709464582, 9.027333130293025], 3: [6.546612442456417, 21.877223947851732, 21.422904408566243], 4: [39.425786717161486, 8.538117115776824, 8.549837683579572], 5: [22.867428634360802, 7.528914232433121, 7.526951883626407], 6: [116.02296650079224, 38.7973827304719, 7.510865324161049], 7: [8.050087080844811, 8.03555044379238, 38.532772402217795], 8: [5.060806369233237, 5.046293297916776, 5.055695513445571], 9: [98.96496525666677, 7.023604288501234, 7.03023859279459]}
MSE score [8.043874609599031, 8.532126825851341, 9.032422552737858, 16.615580266291463, 18.837913838839295, 12.64109825014011, 54.1104048518084, 18.206136642284996, 5.054265060198528, 37.672936045987534]
Average MSE result for this generation 18.87467589437386
Best MSE result for this generation is 5.054265060198528
Generation 3
{'nsm': [0, 0, -1, 0, 0, -1, 0], 'asi': [0, -1, 1, 0, 1, -1, 1], 'adf': [0, 1, -1, -1, 0, 0, 0]}
{'nsm': [-1, 0, -1, -1, 1, -1, 1], 'asi': [-1, 1, 0, 0, 1, 0, 1], 'adf': [-1, -1, -1, -1, 0, -1, 1]}
{'nsm': [-1, 1, 1, -1, -1, -1, -1], 'asi': [-1, 0, 1, -1, -1, -1, 1], 'adf': [1, 0, -1, -1, 1, 0, 0]}
{'nsm': [-1, 1, 1, -1, -1, -1, -1], 'asi': [-1, 0, 1, -1, -1, -1, 1], 'adf': [1, 0, -1, -1, 1, -1, 0]}
{'nsm': [0, 0, -1, 0, 0, 0, 1], 'asi': [0, -1, 1, 0, 1, 0, 1], 'adf': [0, 1, -1, -1, 0, 0, 1]}
{'nsm': [-1, 0, -1, -1, 1, 1, -1], 'asi': [-1, 1, 0, 0, 1, 1, 1], 'adf': [-1, -1, -1, -1, 0, 1, 0]}
{'nsm': [-1, 1, 1, 1, -1, -1, -1], 'asi': [-1, 0, 1, 1, -1, -1, 1], 'adf': [1, 0, -1, 1, 1, -1, 0]}
{'nsm': [-1, 1, 1, 0, 0, -1, 0], 'asi': [-1, 0, 1, 0, 1, -1, 1], 'adf': [1, 0, -1, 0, 0, 0, 0]}
{'nsm': [0, 0, -1, 0, 1, 0, -1], 'asi': [1, 1, -1, 0, 0, -1, -1], 'adf': [-1, -1, -1, 1, 1, -1, 0]}
{'nsm': [1, 0, -1, -1, -1, 0, 1], 'asi': [1, 0, -1, -1, 0, -1, 0], 'adf': [1, 0, 1, 0, 1, 1, -1]}
Detailed mse by temperature for each model{0: [5.060806369233237, 5.046293297916776, 5.055695513445571], 1: [8.051051944732302, 8.035956460384089, 8.044615423680705], 2: [8.539445311960773, 8.52966466145751, 8.52727050413574], 3: [9.040077433274732, 9.02985709464582, 9.027333130293025], 4: [5.021160251898286, 5.019905992581859, 19.946530211345134], 5: [69.46526758154656, 8.041027245785564, 8.043164872909236], 6: [147.56532017814592, 40.31378559730004, 9.029534252175557], 7: [5.550209193852997, 5.54563125228351, 5.555030183933142], 8: [161.00913950536528, 7.041526563478172, 7.052173811949936], 9: [161.00957963882973, 7.040719408539997, 7.059713514756802]}
MSE score [5.054265060198528, 8.043874609599031, 8.532126825851341, 9.032422552737858, 9.995865485275093, 28.516486566747115, 65.6362133425405, 5.550290210023216, 58.36761329359779, 58.37000418737551]
Average MSE result for this generation 25.7099162133946
Best MSE result for this generation is 5.054265060198528
Generation 4
{'nsm': [0, 0, -1, 0, 0, -1, 0], 'asi': [0, -1, 1, 0, 1, -1, 1], 'adf': [0, 1, -1, -1, 0, 0, 0]}
{'nsm': [-1, 1, 1, 0, 0, -1, 0], 'asi': [-1, 0, 1, 0, 1, -1, 1], 'adf': [1, 0, -1, 0, 0, 0, 0]}
{'nsm': [-1, 0, -1, -1, 1, -1, 1], 'asi': [-1, 1, 0, 0, 1, 0, 1], 'adf': [-1, -1, -1, -1, 0, -1, 1]}
{'nsm': [-1, 1, 1, -1, -1, -1, -1], 'asi': [-1, 0, 1, -1, -1, -1, 1], 'adf': [1, 0, -1, -1, 1, 0, 0]}
{'nsm': [0, 0, -1, 0, -1, -1, 0], 'asi': [0, -1, 1, 0, -1, -1, 1], 'adf': [0, 1, -1, -1, -1, 0, 0]}
{'nsm': [-1, 1, 1, 0, 0, 0, 1], 'asi': [-1, 0, 1, 0, 1, 0, 1], 'adf': [1, 0, -1, 0, 0, 0, 1]}
{'nsm': [-1, 0, -1, 1, -1, -1, -1], 'asi': [-1, 1, 0, 1, -1, -1, 1], 'adf': [-1, -1, -1, 1, 1, 0, 0]}
{'nsm': [-1, 1, 1, -1, -1, 1, 0], 'asi': [-1, 0, 1, -1, -1, 1, 1], 'adf': [1, 0, -1, -1, 1, 1, 0]}
{'nsm': [0, -1, 0, 0, 1, 0, -1], 'asi': [-1, 0, 1, 0, -1, -1, 0], 'adf': [1, 1, -1, 0, 0, -1, 0]}
{'nsm': [1, -1, 1, -1, 0, -1, -1], 'asi': [1, 0, 1, 0, 1, 0, 0], 'adf': [-1, 0, 1, -1, 1, -1, 0]}
Detailed mse by temperature for each model{0: [5.060806369233237, 5.046293297916776, 5.055695513445571], 1: [5.550209193852997, 5.54563125228351, 5.555030183933142], 2: [8.051051944732302, 8.035956460384089, 8.044615423680705], 3: [8.539445311960773, 8.52966466145751, 8.52727050413574], 4: [6.4655835409171285, 6.032718349132439, 6.027389505837413], 5: [5.522924351783225, 5.525703494353474, 5.534253694337466], 6: [8.548655891026462, 8.53838833922387, 8.554486689502914], 7: [101.47269339209954, 24.13927728919887, 8.530281520499921], 8: [5.566394363932326, 5.542291836672444, 5.5551223187531775], 9: [7.037753533091076, 7.039059381927006, 7.051452323711691]}
MSE score [5.054265060198528, 5.550290210023216, 8.043874609599031, 8.532126825851341, 6.17523046529566, 5.527627180158055, 8.547176973251082, 44.71408406726611, 5.554602839785982, 7.04275507957659]
Average MSE result for this generation 10.47420333110056
Best MSE result for this generation is 5.054265060198528
Final population
{'nsm': [0, 0, -1, 0, 0, -1, 0], 'asi': [0, -1, 1, 0, 1, -1, 1], 'adf': [0, 1, -1, -1, 0, 0, 0]}
{'nsm': [-1, 1, 1, 0, 0, 0, 1], 'asi': [-1, 0, 1, 0, 1, 0, 1], 'adf': [1, 0, -1, 0, 0, 0, 1]}
{'nsm': [-1, 1, 1, 0, 0, -1, 0], 'asi': [-1, 0, 1, 0, 1, -1, 1], 'adf': [1, 0, -1, 0, 0, 0, 0]}
{'nsm': [0, -1, 0, 0, 1, 0, -1], 'asi': [-1, 0, 1, 0, -1, -1, 0], 'adf': [1, 1, -1, 0, 0, -1, 0]}
{'nsm': [0, 0, -1, 0, 0, 0, 1], 'asi': [0, -1, 1, 0, 1, 0, 1], 'adf': [0, 1, -1, -1, 0, 0, 1]}
{'nsm': [-1, 1, 1, 0, -1, -1, 0], 'asi': [-1, 0, 1, 0, -1, -1, 1], 'adf': [1, 0, -1, 0, -1, 0, 0]}
{'nsm': [-1, 1, 1, 0, 1, 0, -1], 'asi': [-1, 0, 1, 0, -1, -1, 0], 'adf': [1, 0, -1, 0, 0, -1, 0]}
{'nsm': [0, -1, 0, 1, 0, -1, 0], 'asi': [-1, 0, 1, 1, 1, -1, 1], 'adf': [1, 1, -1, 1, 0, 0, 0]}
{'nsm': [1, 0, -1, -1, 1, 0, 0], 'asi': [0, -1, -1, 1, 0, 0, -1], 'adf': [-1, -1, 0, 0, 1, -1, 0]}
{'nsm': [0, 0, 1, 1, -1, -1, 0], 'asi': [1, 0, 0, 1, 0, 1, -1], 'adf': [1, 1, -1, 0, 0, -1, 1]}
Detailed mse by temperature for each model{0: [5.060806369233237, 5.046293297916776, 5.055695513445571], 1: [5.522924351783225, 5.525703494353474, 5.534253694337466], 2: [5.550209193852997, 5.54563125228351, 5.555030183933142], 3: [5.566394363932326, 5.542291836672444, 5.5551223187531775], 4: [5.021160330992472, 5.019905992586531, 19.946530211339248], 5: [6.566241110469974, 6.534214617379214, 6.527627488692188], 6: [6.086482312624028, 6.055353680026349, 6.058487782611258], 7: [160.5119021874189, 6.551773311740004, 6.5658000514724515], 8: [84.19032163621202, 84.29219127633498, 196.4836750653027], 9: [115.02641959719115, 84.7731046530276, 211.8779190132614]}
MSE score [5.054265060198528, 5.527627180158055, 5.550290210023216, 5.554602839785982, 9.995865511639417, 6.542694405513792, 6.066774591753879, 57.87649185021045, 121.65539599261656, 137.22581442116004]
Best MSE score is 5.054265060198528
Average MSE result for this generation: 36.10498220630599
Best solution index is 0
total running time12341.328706026077
