using PSO
initial population size= 10
n_generation= 5
n_parents= 4
offspring_size= 4
random agents size= 2
gamma= 0.5
Generation 0
{'nsm': [1, 1, 1, -1, 1, 0, -1], 'asi': [0, -1, -1, -1, 0, -1, -1], 'adf': [1, -1, 0, 1, 0, 1, -1]}
{'nsm': [1, 0, 0, 0, 0, 0, 0], 'asi': [0, -1, -1, 1, 1, 0, 1], 'adf': [0, 0, -1, 0, 1, -1, 0]}
{'nsm': [0, 0, 0, 1, 0, 1, 1], 'asi': [0, 1, 1, 0, 1, 1, -1], 'adf': [0, -1, 0, 0, 1, 0, 1]}
{'nsm': [0, 0, 0, 1, 0, 0, 1], 'asi': [0, 1, 1, 1, 1, 1, 1], 'adf': [0, 1, -1, 0, 0, 1, 0]}
{'nsm': [1, 0, -1, 1, -1, 1, 1], 'asi': [-1, -1, 0, 1, 0, 1, -1], 'adf': [1, -1, 1, 1, 0, 1, 1]}
{'nsm': [0, 1, -1, -1, -1, 0, 1], 'asi': [1, 1, -1, -1, 0, 0, -1], 'adf': [1, 0, 1, 0, 0, 1, 0]}
{'nsm': [-1, 1, 1, 1, 0, -1, -1], 'asi': [-1, -1, 0, 0, -1, -1, 0], 'adf': [1, 1, 0, -1, 1, 0, 0]}
{'nsm': [-1, 0, 1, -1, -1, -1, 0], 'asi': [-1, 1, -1, -1, 1, 0, 0], 'adf': [-1, 1, 0, -1, 0, 1, -1]}
{'nsm': [-1, 1, -1, 0, 1, -1, 1], 'asi': [1, 1, -1, -1, 1, -1, 0], 'adf': [0, 0, -1, 0, 0, 1, 0]}
{'nsm': [-1, 0, -1, 1, -1, -1, 1], 'asi': [0, 1, 1, -1, -1, -1, 1], 'adf': [0, -1, 1, 1, 0, -1, 0]}
Detailed mse by temperature for each model{0: [132.28968096123765, 86.01699008862441, 228.49599296396693], 1: [127.70246533788156, 4.5602325949128195, 4.570840950837264], 2: [5.529824815246931, 5.5262552799699725, 5.541404646573284], 3: [36.09285804644074, 5.538827359098614, 5.547070841432598], 4: [55.243270401181874, 8.522650047991233, 119.53552153809923], 5: [37.14511627470292, 6.544842448969359, 6.556227812647047], 6: [68.46530978755254, 7.043952946812911, 7.055845000256087], 7: [52.84214518893061, 22.73243129258836, 52.85439828103368], 8: [130.1322642510512, 7.056823572852401, 7.066409174180786], 9: [8.037482319701176, 8.039277163974045, 39.64139629666642]}
MSE score [148.934221337943, 45.61117962787722, 5.532494913930062, 15.726252082323983, 61.10048066242411, 16.748728845439775, 27.52170257820718, 42.80965825418421, 48.08516566602813, 18.572718593447217]
Average MSE result for this generation 43.06426025618049
Best MSE result for this generation is 5.532494913930062
Generation 1
{'nsm': [0, 0, 0, 1, 0, 1, 1], 'asi': [0, 1, 1, 0, 1, 1, -1], 'adf': [0, -1, 0, 0, 1, 0, 1]}
{'nsm': [0, 0, 0, 1, 0, 0, 1], 'asi': [0, 1, 1, 1, 1, 1, 1], 'adf': [0, 1, -1, 0, 0, 1, 0]}
{'nsm': [0, 1, -1, -1, -1, 0, 1], 'asi': [1, 1, -1, -1, 0, 0, -1], 'adf': [1, 0, 1, 0, 0, 1, 0]}
{'nsm': [-1, 0, -1, 1, -1, -1, 1], 'asi': [0, 1, 1, -1, -1, -1, 1], 'adf': [0, -1, 1, 1, 0, -1, 0]}
{'nsm': [0, 0, 0, 1, 1, 0, 1], 'asi': [0, 1, 1, 0, 1, 1, 1], 'adf': [0, -1, 0, 0, 1, 1, 0]}
{'nsm': [0, 0, 0, 1, 0, 0, 1], 'asi': [0, 1, 1, 1, 1, 0, -1], 'adf': [0, 1, -1, 0, 0, 0, 0]}
{'nsm': [0, 1, -1, 1, -1, -1, 1], 'asi': [1, 1, -1, 1, -1, -1, 1], 'adf': [1, 0, 1, 1, 0, -1, 0]}
{'nsm': [-1, 0, -1, 0, 0, 1, 1], 'asi': [0, 1, 1, 0, 1, 1, -1], 'adf': [0, -1, 1, 0, 1, 0, 1]}
{'nsm': [-1, 1, 0, 0, 1, -1, -1], 'asi': [1, 1, 0, -1, -1, 0, 0], 'adf': [0, -1, 0, -1, 0, -1, 1]}
{'nsm': [-1, -1, 1, -1, -1, 0, 1], 'asi': [1, 0, 0, -1, 0, 1, 0], 'adf': [0, 0, -1, 1, 0, 0, 1]}
Detailed mse by temperature for each model{0: [5.529824815246931, 5.5262552799699725, 5.541404646573284], 1: [36.09285804644074, 5.538827359098614, 5.547070841432598], 2: [37.14511627470292, 6.544842448969359, 6.556227812647047], 3: [8.037482319701176, 8.039277163974045, 39.64139629666642], 4: [5.541551819385209, 5.538850235788166, 5.547652263347763], 5: [96.47901435865576, 4.541092020670385, 4.56078704002533], 6: [162.513818224185, 8.550355621435845, 8.565901070405477], 7: [6.538162812902816, 6.538883751447587, 6.54845583522708], 8: [6.558935426101215, 6.552208952235513, 22.12587144260052], 9: [97.96296230814595, 6.02349563576213, 6.040479230879215]}
MSE score [5.532494913930062, 15.726252082323983, 16.748728845439775, 18.572718593447217, 5.542684772840379, 35.193631139783825, 59.876691638675446, 6.541834133192495, 11.745671940312414, 36.6756457249291]
Average MSE result for this generation 21.21563537848747
Best MSE result for this generation is 5.532494913930062
Generation 2
{'nsm': [0, 0, 0, 1, 0, 1, 1], 'asi': [0, 1, 1, 0, 1, 1, -1], 'adf': [0, -1, 0, 0, 1, 0, 1]}
{'nsm': [0, 0, 0, 1, 1, 0, 1], 'asi': [0, 1, 1, 0, 1, 1, 1], 'adf': [0, -1, 0, 0, 1, 1, 0]}
{'nsm': [-1, 0, -1, 0, 0, 1, 1], 'asi': [0, 1, 1, 0, 1, 1, -1], 'adf': [0, -1, 1, 0, 1, 0, 1]}
{'nsm': [-1, 1, 0, 0, 1, -1, -1], 'asi': [1, 1, 0, -1, -1, 0, 0], 'adf': [0, -1, 0, -1, 0, -1, 1]}
{'nsm': [0, 0, 0, 1, 0, 1, 1], 'asi': [0, 1, 1, 0, 1, 1, 1], 'adf': [0, -1, 0, 0, 1, 1, 0]}
{'nsm': [0, 0, 0, 1, 1, 1, 1], 'asi': [0, 1, 1, 0, 1, 1, -1], 'adf': [0, -1, 0, 0, 1, 1, 1]}
{'nsm': [-1, 0, -1, 0, 0, -1, -1], 'asi': [0, 1, 1, 0, 0, 0, 0], 'adf': [0, -1, 1, 0, 0, -1, 1]}
{'nsm': [-1, 1, 0, 0, 1, 1, 1], 'asi': [1, 1, 0, -1, -1, 1, -1], 'adf': [0, -1, 0, -1, 0, 1, 1]}
{'nsm': [-1, 0, -1, -1, 0, -1, 0], 'asi': [1, 1, 1, 0, 1, 0, 0], 'adf': [0, -1, 1, 0, 1, 1, 1]}
{'nsm': [1, 0, -1, 0, 0, 0, 1], 'asi': [0, -1, 1, 1, 0, -1, 0], 'adf': [1, 0, -1, 0, 1, 1, 1]}
Detailed mse by temperature for each model{0: [5.529824815246931, 5.5262552799699725, 5.541404646573284], 1: [5.541551819385209, 5.538850235788166, 5.547652263347763], 2: [6.538162812902816, 6.538883751447587, 6.54845583522708], 3: [6.558935426101215, 6.552208952235513, 22.12587144260052], 4: [5.539847995219154, 5.5413152667400025, 5.547581421140772], 5: [6.530467355549531, 6.526021170656742, 6.538515896813578], 6: [5.038748705067888, 5.039019604001951, 5.051934871634256], 7: [99.47723348250436, 7.541776555786079, 7.55582395223531], 8: [6.54171661871529, 6.544504531497564, 6.555030892713304], 9: [160.0004067037691, 6.032836854934119, 6.052165975056687]}
MSE score [5.532494913930062, 5.542684772840379, 6.541834133192495, 11.745671940312414, 5.542914894366643, 6.531668141006617, 5.0432343935680315, 38.191611330175256, 6.5470840143087194, 57.36180317791997]
Average MSE result for this generation 14.858100171162059
Best MSE result for this generation is 5.0432343935680315
Generation 3
{'nsm': [-1, 0, -1, 0, 0, -1, -1], 'asi': [0, 1, 1, 0, 0, 0, 0], 'adf': [0, -1, 1, 0, 0, -1, 1]}
{'nsm': [0, 0, 0, 1, 0, 1, 1], 'asi': [0, 1, 1, 0, 1, 1, -1], 'adf': [0, -1, 0, 0, 1, 0, 1]}
{'nsm': [0, 0, 0, 1, 1, 0, 1], 'asi': [0, 1, 1, 0, 1, 1, 1], 'adf': [0, -1, 0, 0, 1, 1, 0]}
{'nsm': [0, 0, 0, 1, 0, 1, 1], 'asi': [0, 1, 1, 0, 1, 1, 1], 'adf': [0, -1, 0, 0, 1, 1, 0]}
{'nsm': [-1, 0, -1, 0, 1, 1, 1], 'asi': [0, 1, 1, 0, 1, 1, -1], 'adf': [0, -1, 1, 0, 1, 0, 1]}
{'nsm': [0, 0, 0, 1, 0, 0, 1], 'asi': [0, 1, 1, 0, 0, 1, 1], 'adf': [0, -1, 0, 0, 0, 1, 0]}
{'nsm': [0, 0, 0, 1, 0, 1, 1], 'asi': [0, 1, 1, 1, 1, 1, 1], 'adf': [0, -1, 0, 1, 1, 1, 0]}
{'nsm': [0, 0, 0, -1, 0, -1, -1], 'asi': [0, 1, 1, -1, 0, 0, 0], 'adf': [0, -1, 0, -1, 0, -1, 1]}
{'nsm': [0, 0, -1, -1, 1, 0, 0], 'asi': [-1, 0, 1, 1, 1, 0, 0], 'adf': [0, 0, 0, 0, 1, 1, 0]}
{'nsm': [-1, -1, 0, 1, 0, 1, 1], 'asi': [1, -1, 1, 1, -1, -1, 1], 'adf': [0, 0, 0, -1, 0, 0, 1]}
Detailed mse by temperature for each model{0: [5.038748705067888, 5.039019604001951, 5.051934871634256], 1: [5.529824815246931, 5.5262552799699725, 5.541404646573284], 2: [5.541551819385209, 5.538850235788166, 5.547652263347763], 3: [5.539847995219154, 5.5413152667400025, 5.547581421140772], 4: [7.039570502018504, 7.041254092931303, 7.048922676369215], 5: [4.0385990234454505, 4.0388006399246885, 4.049618519431704], 6: [6.592292101881721, 6.541238325971766, 6.548596877929707], 7: [97.35497157863023, 5.020613101015718, 20.599066884731272], 8: [96.48197683048213, 4.546608296613099, 4.563601840994834], 9: [176.6003096373919, 7.01197576984726, 21.926265635244192]}
MSE score [5.0432343935680315, 5.532494913930062, 5.542684772840379, 5.542914894366643, 7.043249090439674, 4.042339394267281, 6.560709101927731, 40.99155052145907, 35.19739565603002, 68.51285034749445]
Average MSE result for this generation 18.400942308632334
Best MSE result for this generation is 4.042339394267281
Generation 4
{'nsm': [0, 0, 0, 1, 0, 0, 1], 'asi': [0, 1, 1, 0, 0, 1, 1], 'adf': [0, -1, 0, 0, 0, 1, 0]}
{'nsm': [-1, 0, -1, 0, 0, -1, -1], 'asi': [0, 1, 1, 0, 0, 0, 0], 'adf': [0, -1, 1, 0, 0, -1, 1]}
{'nsm': [0, 0, 0, 1, 0, 1, 1], 'asi': [0, 1, 1, 0, 1, 1, -1], 'adf': [0, -1, 0, 0, 1, 0, 1]}
{'nsm': [0, 0, 0, 1, 1, 0, 1], 'asi': [0, 1, 1, 0, 1, 1, 1], 'adf': [0, -1, 0, 0, 1, 1, 0]}
{'nsm': [0, 0, 0, 1, 1, -1, -1], 'asi': [0, 1, 1, 0, 1, 0, 0], 'adf': [0, -1, 0, 0, 1, -1, 1]}
{'nsm': [-1, 0, -1, 0, -1, 1, 1], 'asi': [0, 1, 1, 0, -1, 1, -1], 'adf': [0, -1, 1, 0, -1, 0, 1]}
{'nsm': [0, 0, 0, 1, 1, 0, 1], 'asi': [0, 1, 1, 0, 1, 1, 1], 'adf': [0, -1, 0, 0, 1, 1, 0]}
{'nsm': [0, 0, 0, -1, 0, 0, 1], 'asi': [0, 1, 1, -1, 0, 1, 1], 'adf': [0, -1, 0, -1, 0, 1, 0]}
{'nsm': [1, 1, -1, 0, -1, -1, 1], 'asi': [1, -1, 1, 1, 1, 1, 1], 'adf': [0, 0, -1, 0, -1, 1, 0]}
{'nsm': [0, 0, 1, 0, 0, -1, -1], 'asi': [1, 0, -1, 1, 0, 1, -1], 'adf': [1, 1, 0, -1, 1, -1, 1]}
Detailed mse by temperature for each model{0: [4.0385990234454505, 4.0388006399246885, 4.049618519431704], 1: [5.038748705067888, 5.039019604001951, 5.051934871634256], 2: [5.529824815246931, 5.5262552799699725, 5.541404646573284], 3: [5.541551819385209, 5.538850235788166, 5.547652263347763], 4: [5.5296911697031685, 5.5238218598508, 5.540931519767016], 5: [7.038424552287002, 7.038975281249782, 7.048301570192112], 6: [5.538522556614083, 5.538683492168788, 5.548317217331731], 7: [35.85559749655813, 5.038703706297177, 5.0484173519784825], 8: [99.98211160754829, 8.046770167437566, 8.063712115996605], 9: [176.60058345470148, 7.010387710045712, 118.02310763861742]}
MSE score [4.042339394267281, 5.0432343935680315, 5.532494913930062, 5.542684772840379, 5.531481516440327, 7.041900467909632, 5.541841088704867, 15.31423951827793, 38.69753129699416, 100.54469293445487]
Average MSE result for this generation 19.283244029738754
Best MSE result for this generation is 4.042339394267281
Final population
{'nsm': [0, 0, 0, 1, 0, 0, 1], 'asi': [0, 1, 1, 0, 0, 1, 1], 'adf': [0, -1, 0, 0, 0, 1, 0]}
{'nsm': [-1, 0, -1, 0, 0, -1, -1], 'asi': [0, 1, 1, 0, 0, 0, 0], 'adf': [0, -1, 1, 0, 0, -1, 1]}
{'nsm': [0, 0, 0, 1, 1, -1, -1], 'asi': [0, 1, 1, 0, 1, 0, 0], 'adf': [0, -1, 0, 0, 1, -1, 1]}
{'nsm': [0, 0, 0, 1, 0, 1, 1], 'asi': [0, 1, 1, 0, 1, 1, -1], 'adf': [0, -1, 0, 0, 1, 0, 1]}
{'nsm': [0, 0, 0, 1, -1, -1, -1], 'asi': [0, 1, 1, 0, -1, 0, 0], 'adf': [0, -1, 0, 0, -1, -1, 1]}
{'nsm': [-1, 0, -1, -1, 1, -1, -1], 'asi': [0, 1, 1, -1, 1, 0, 0], 'adf': [0, -1, 1, -1, 1, -1, 1]}
{'nsm': [0, 0, 0, 1, 1, 0, 1], 'asi': [0, 1, 1, 0, 1, 0, -1], 'adf': [0, -1, 0, 0, 1, 0, 1]}
{'nsm': [0, 0, 0, -1, 0, 0, 1], 'asi': [0, 1, 1, -1, 0, 1, 1], 'adf': [0, -1, 0, -1, 0, 1, 0]}
{'nsm': [1, 1, -1, -1, 1, -1, 1], 'asi': [1, -1, 1, 1, 1, 1, 0], 'adf': [0, 0, 0, 1, -1, -1, 0]}
{'nsm': [0, 0, 0, 1, 1, 1, 1], 'asi': [1, -1, 1, 0, 0, -1, 0], 'adf': [0, 0, 1, 0, 0, -1, 1]}
Detailed mse by temperature for each model{0: [4.0385990234454505, 4.0388006399246885, 4.049618519431704], 1: [5.038748705067888, 5.039019604001951, 5.051934871634256], 2: [5.5296911697031685, 5.5238218598508, 5.540931519767016], 3: [5.529824815246931, 5.5262552799699725, 5.541404646573284], 4: [5.529691169654171, 5.5238218598487405, 5.540931519815393], 5: [100.04678940166929, 8.038042222228926, 8.045240738189298], 6: [5.029722920271164, 5.0238402481839515, 5.041175076850662], 7: [66.37241899363968, 5.039044793023175, 5.04876724802397], 8: [99.98103318031444, 8.0463289924967, 8.062552170681013], 9: [5.626540498856678, 5.541215039086717, 5.551893278621369]}
MSE score [4.042339394267281, 5.0432343935680315, 5.531481516440327, 5.532494913930062, 5.531481516439435, 38.710024120695834, 5.031579415101926, 25.486743678228944, 38.69663811449738, 5.5732162721882545]
Best MSE score is 4.042339394267281
Average MSE result for this generation: 13.917923333535748
Best solution index is 0
total running time11908.676122188568
