using PSO
initial population size= 10
n_generation= 5
n_parents= 4
offspring_size= 4
random agents size= 2
gamma= 0.5
Generation 0
{'nsm': [-1, -1, 0, 1, 0, 1, -1], 'asi': [0, 1, -1, -1, 1, 1, 0], 'adf': [1, 0, -1, -1, 0, 1, 1]}
{'nsm': [1, 1, 0, 1, 0, -1, 0], 'asi': [-1, -1, 1, 0, 0, 1, 0], 'adf': [-1, 1, 0, -1, 0, 1, 0]}
{'nsm': [0, 0, 0, 1, 1, 1, -1], 'asi': [1, 1, 0, -1, 0, 0, -1], 'adf': [0, -1, 1, 1, 1, 0, 1]}
{'nsm': [-1, 1, 0, -1, 1, 1, 0], 'asi': [1, -1, 0, -1, 1, -1, 0], 'adf': [1, 0, 0, 1, -1, 1, -1]}
{'nsm': [1, -1, 1, -1, 1, 1, 0], 'asi': [0, -1, 1, 0, 1, 1, 1], 'adf': [-1, 1, 0, 1, 1, 0, 1]}
{'nsm': [0, -1, 1, -1, 0, 0, 1], 'asi': [0, -1, -1, 0, 1, 0, -1], 'adf': [-1, 1, 0, 0, 0, 0, -1]}
{'nsm': [0, 1, 0, 0, 1, -1, -1], 'asi': [1, -1, 0, -1, -1, 0, -1], 'adf': [1, 1, 1, 1, -1, -1, 1]}
{'nsm': [-1, -1, 1, 0, 1, 1, 0], 'asi': [-1, 0, 0, 0, 1, 1, 1], 'adf': [1, 1, 0, -1, -1, 1, -1]}
{'nsm': [1, 0, 1, -1, 0, 0, 0], 'asi': [1, 1, 1, 1, 1, 1, 1], 'adf': [1, 0, 1, -1, 1, 0, 0]}
{'nsm': [0, 1, 0, 0, -1, 1, -1], 'asi': [-1, -1, 1, 1, 0, 1, 0], 'adf': [1, 0, -1, 1, -1, -1, -1]}
Detailed mse by temperature for each model{0: [38.05028034888299, 7.521621025750621, 7.528576581021701], 1: [6.050602658551915, 6.045221546456252, 36.53757807928186], 2: [6.5673524723591425, 6.556256452009398, 6.564625638637017], 3: [130.61429636279502, 7.540902496341311, 7.54923417292166], 4: [8.028769604153727, 8.036037281849207, 8.035645911841996], 5: [111.91067860894324, 5.521528066025191, 50.854772115520895], 6: [8.068931965954778, 8.046656494347824, 182.91685714988276], 7: [53.18936440131951, 7.535750595371537, 22.460579587886613], 8: [98.98169621993101, 7.046913152633187, 7.062893746145749], 9: [68.65756727764565, 7.535527834360799, 7.537436405447985]}
MSE score [17.700159318551773, 16.21113409476334, 6.562744854335186, 48.56814434401934, 8.03348426594831, 56.09565959682977, 66.34414853672845, 27.728564861525886, 37.69716770623665, 27.91017717248482]
Average MSE result for this generation 31.28513847514235
Best MSE result for this generation is 6.562744854335186
Generation 1
{'nsm': [0, 0, 0, 1, 1, 1, -1], 'asi': [1, 1, 0, -1, 0, 0, -1], 'adf': [0, -1, 1, 1, 1, 0, 1]}
{'nsm': [1, -1, 1, -1, 1, 1, 0], 'asi': [0, -1, 1, 0, 1, 1, 1], 'adf': [-1, 1, 0, 1, 1, 0, 1]}
{'nsm': [1, 1, 0, 1, 0, -1, 0], 'asi': [-1, -1, 1, 0, 0, 1, 0], 'adf': [-1, 1, 0, -1, 0, 1, 0]}
{'nsm': [-1, -1, 0, 1, 0, 1, -1], 'asi': [0, 1, -1, -1, 1, 1, 0], 'adf': [1, 0, -1, -1, 0, 1, 1]}
{'nsm': [0, 0, 0, 1, 1, 1, 0], 'asi': [1, 1, 0, -1, 0, 1, 1], 'adf': [0, -1, 1, 1, 1, 1, 1]}
{'nsm': [1, -1, 1, -1, 0, -1, 0], 'asi': [0, -1, 1, -1, 0, 1, 0], 'adf': [-1, 1, 0, -1, 0, 1, 0]}
{'nsm': [1, 1, 0, 1, 0, 1, -1], 'asi': [-1, -1, 1, 0, 0, 1, 0], 'adf': [-1, 1, 0, -1, 0, 1, 1]}
{'nsm': [-1, -1, 0, 1, 0, -1, -1], 'asi': [0, 1, -1, -1, 1, -1, -1], 'adf': [1, 0, -1, -1, 0, -1, 1]}
{'nsm': [1, -1, 0, -1, 1, 0, -1], 'asi': [1, 1, 0, 0, 0, 1, -1], 'adf': [0, 0, -1, 1, 1, -1, -1]}
{'nsm': [0, 1, 1, -1, -1, 1, 1], 'asi': [0, 1, 0, 1, 0, 0, 0], 'adf': [0, 0, 0, 0, 0, 1, 0]}
Detailed mse by temperature for each model{0: [6.5673524723591425, 6.556256452009398, 6.564625638637017], 1: [8.028769604153727, 8.036037281849207, 8.035645911841996], 2: [6.050602658551915, 6.045221546456252, 36.53757807928186], 3: [38.05028034888299, 7.521621025750621, 7.528576581021701], 4: [98.98670202596243, 7.057000317185357, 7.0681658883306895], 5: [67.66628225919644, 6.545598578152719, 864.5694714265024], 6: [52.32116947366493, 7.036321823853265, 21.950326671340754], 7: [38.62886927353175, 8.021216341659093, 8.034474793362287], 8: [98.96153999962316, 7.022333143357424, 7.039862635352394], 9: [4.570487113276662, 4.560165414517671, 4.568280660685508]}
MSE score [6.562744854335186, 8.03348426594831, 16.21113409476334, 17.700159318551773, 37.70395607715949, 312.92711742128387, 27.10260598961965, 18.22818680285104, 37.67457859277766, 4.566311062826613]
Average MSE result for this generation 48.67102784801169
Best MSE result for this generation is 4.566311062826613
Generation 2
{'nsm': [0, 1, 1, -1, -1, 1, 1], 'asi': [0, 1, 0, 1, 0, 0, 0], 'adf': [0, 0, 0, 0, 0, 1, 0]}
{'nsm': [0, 0, 0, 1, 1, 1, -1], 'asi': [1, 1, 0, -1, 0, 0, -1], 'adf': [0, -1, 1, 1, 1, 0, 1]}
{'nsm': [1, -1, 1, -1, 1, 1, 0], 'asi': [0, -1, 1, 0, 1, 1, 1], 'adf': [-1, 1, 0, 1, 1, 0, 1]}
{'nsm': [1, 1, 0, 1, 0, -1, 0], 'asi': [-1, -1, 1, 0, 0, 1, 0], 'adf': [-1, 1, 0, -1, 0, 1, 0]}
{'nsm': [0, 1, 1, -1, -1, 1, -1], 'asi': [0, 1, 0, 1, 0, 1, -1], 'adf': [0, 0, 0, 0, 0, 1, 1]}
{'nsm': [0, 0, 0, -1, 1, 1, 0], 'asi': [1, 1, 0, -1, 1, 1, 1], 'adf': [0, -1, 1, -1, 1, 0, 1]}
{'nsm': [1, -1, 1, -1, 1, 1, 0], 'asi': [0, -1, 1, 0, 1, 1, 0], 'adf': [-1, 1, 0, 1, 1, 1, 0]}
{'nsm': [1, 1, 0, 1, 0, -1, 1], 'asi': [-1, -1, 1, 0, 0, -1, 0], 'adf': [-1, 1, 0, -1, 0, -1, 0]}
{'nsm': [-1, 1, 0, 1, 0, -1, 1], 'asi': [-1, -1, -1, -1, 0, 1, 1], 'adf': [-1, 1, 1, 0, 0, 0, -1]}
{'nsm': [0, -1, 0, 0, 1, 1, -1], 'asi': [0, -1, 1, 1, 1, 0, -1], 'adf': [0, 1, 1, 1, 1, -1, 0]}
Detailed mse by temperature for each model{0: [4.570487113276662, 4.560165414517671, 4.568280660685508], 1: [6.5673524723591425, 6.556256452009398, 6.564625638637017], 2: [8.028769604153727, 8.036037281849207, 8.035645911841996], 3: [6.050602658551915, 6.045221546456252, 36.53757807928186], 4: [6.033811052478427, 6.029186332714733, 6.040152175175581], 5: [98.98563704399322, 7.056512834200822, 7.067370005298681], 6: [7.545752554748771, 7.555113180713873, 7.555626156719582], 7: [6.630625155707856, 6.5449142570175844, 37.03810987781675], 8: [100.04556625653277, 7.534364657856341, 38.01205230686833], 9: [98.97904747655195, 7.043014682867735, 7.0600314152814905]}
MSE score [4.566311062826613, 6.562744854335186, 8.03348426594831, 16.21113409476334, 6.03438318678958, 37.703173294497574, 7.5521639640607425, 16.737883096847398, 48.530661073752476, 37.694031191567056]
Average MSE result for this generation 18.96259700853883
Best MSE result for this generation is 4.566311062826613
Generation 3
{'nsm': [0, 1, 1, -1, -1, 1, 1], 'asi': [0, 1, 0, 1, 0, 0, 0], 'adf': [0, 0, 0, 0, 0, 1, 0]}
{'nsm': [0, 1, 1, -1, -1, 1, -1], 'asi': [0, 1, 0, 1, 0, 1, -1], 'adf': [0, 0, 0, 0, 0, 1, 1]}
{'nsm': [0, 0, 0, 1, 1, 1, -1], 'asi': [1, 1, 0, -1, 0, 0, -1], 'adf': [0, -1, 1, 1, 1, 0, 1]}
{'nsm': [1, -1, 1, -1, 1, 1, 0], 'asi': [0, -1, 1, 0, 1, 1, 0], 'adf': [-1, 1, 0, 1, 1, 1, 0]}
{'nsm': [0, 1, 1, 1, -1, 1, -1], 'asi': [0, 1, 0, 1, 0, 1, -1], 'adf': [0, 0, 0, 1, 0, 1, 1]}
{'nsm': [0, 1, 1, -1, -1, -1, -1], 'asi': [0, 1, 0, 1, 0, -1, -1], 'adf': [0, 0, 0, 0, 0, -1, 1]}
{'nsm': [0, 0, 0, 1, -1, 1, 0], 'asi': [1, 1, 0, -1, -1, 1, 0], 'adf': [0, -1, 1, 1, -1, 1, 0]}
{'nsm': [1, -1, 1, -1, 1, -1, 1], 'asi': [0, -1, 1, 0, 1, -1, 0], 'adf': [-1, 1, 0, 1, 1, -1, 0]}
{'nsm': [-1, 0, 0, 1, -1, 0, -1], 'asi': [-1, 0, 1, -1, 0, 0, -1], 'adf': [1, -1, -1, -1, -1, 0, 0]}
{'nsm': [-1, 0, -1, -1, 0, 0, 0], 'asi': [0, -1, 0, -1, 1, 0, -1], 'adf': [0, 0, 0, 1, 1, 1, 1]}
Detailed mse by temperature for each model{0: [4.570487113276662, 4.560165414517671, 4.568280660685508], 1: [6.033811052478427, 6.029186332714733, 6.040152175175581], 2: [6.5673524723591425, 6.556256452009398, 6.564625638637017], 3: [7.545752554748771, 7.555113180713873, 7.555626156719582], 4: [6.533354984746677, 6.529096113367424, 6.538839180063819], 5: [128.81496983865293, 6.0297524449136715, 6.047001484730026], 6: [98.48670202601751, 6.557000317195942, 6.568165888331674], 7: [8.109662644939442, 8.03968888853169, 8.05294396926846], 8: [37.49829253576475, 69.45410634938321, 196.98030452714806], 9: [5.560833440591531, 5.544649485605731, 5.555788319178268]}
MSE score [4.566311062826613, 6.03438318678958, 6.562744854335186, 7.5521639640607425, 6.5337634260593065, 46.96390792276554, 37.20395607718171, 8.067431834246532, 101.310901137432, 5.553757081791844]
Average MSE result for this generation 23.034932054748907
Best MSE result for this generation is 4.566311062826613
Generation 4
{'nsm': [0, 1, 1, -1, -1, 1, 1], 'asi': [0, 1, 0, 1, 0, 0, 0], 'adf': [0, 0, 0, 0, 0, 1, 0]}
{'nsm': [-1, 0, -1, -1, 0, 0, 0], 'asi': [0, -1, 0, -1, 1, 0, -1], 'adf': [0, 0, 0, 1, 1, 1, 1]}
{'nsm': [0, 1, 1, -1, -1, 1, -1], 'asi': [0, 1, 0, 1, 0, 1, -1], 'adf': [0, 0, 0, 0, 0, 1, 1]}
{'nsm': [0, 1, 1, 1, -1, 1, -1], 'asi': [0, 1, 0, 1, 0, 1, -1], 'adf': [0, 0, 0, 1, 0, 1, 1]}
{'nsm': [0, 1, 1, -1, 0, 0, 0], 'asi': [0, 1, 0, -1, 1, 0, -1], 'adf': [0, 0, 0, -1, 1, 1, 1]}
{'nsm': [-1, 0, -1, -1, 0, 1, -1], 'asi': [0, -1, 0, -1, 0, 1, -1], 'adf': [0, 0, 0, 1, 0, 1, 1]}
{'nsm': [0, 1, 1, -1, -1, 0, -1], 'asi': [0, 1, 0, 1, 0, 0, -1], 'adf': [0, 0, 0, 0, 0, 0, 1]}
{'nsm': [0, 1, 1, 0, -1, 1, 1], 'asi': [0, 1, 0, 0, 0, 0, 0], 'adf': [0, 0, 0, 0, 0, 1, 0]}
{'nsm': [0, -1, -1, 1, 1, 1, 1], 'asi': [0, -1, 1, 1, -1, 1, 0], 'adf': [1, 1, 1, 0, 0, 1, -1]}
{'nsm': [1, -1, 0, 1, 0, 1, 0], 'asi': [0, 0, 1, -1, -1, -1, -1], 'adf': [0, -1, 0, 1, 0, 0, -1]}
Detailed mse by temperature for each model{0: [4.570487113276662, 4.560165414517671, 4.568280660685508], 1: [5.560833440591531, 5.544649485605731, 5.555788319178268], 2: [6.033811052478427, 6.029186332714733, 6.040152175175581], 3: [6.533354984746677, 6.529096113367424, 6.538839180063819], 4: [5.561155040317109, 5.545133963846727, 5.556112408688868], 5: [6.029760086366164, 6.00840979576424, 117.024855848007], 6: [4.561577297326855, 4.545230173880939, 4.5577333093328525], 7: [3.5704871132761973, 3.5601654145130657, 3.5682806606892696], 8: [69.16579604847308, 8.041339745098117, 8.05315521573174], 9: [21.355126011717235, 6.020103889788294, 148.88689662955017]}
MSE score [4.566311062826613, 5.553757081791844, 6.03438318678958, 6.5337634260593065, 5.554133804284234, 43.02100857671246, 4.554846926846882, 3.5663110628261774, 28.420097003100977, 58.75404217701856]
Average MSE result for this generation 16.655865430825664
Best MSE result for this generation is 3.5663110628261774
Final population
{'nsm': [0, 1, 1, 0, -1, 1, 1], 'asi': [0, 1, 0, 0, 0, 0, 0], 'adf': [0, 0, 0, 0, 0, 1, 0]}
{'nsm': [0, 1, 1, -1, -1, 0, -1], 'asi': [0, 1, 0, 1, 0, 0, -1], 'adf': [0, 0, 0, 0, 0, 0, 1]}
{'nsm': [0, 1, 1, -1, -1, 1, 1], 'asi': [0, 1, 0, 1, 0, 0, 0], 'adf': [0, 0, 0, 0, 0, 1, 0]}
{'nsm': [-1, 0, -1, -1, 0, 0, 0], 'asi': [0, -1, 0, -1, 1, 0, -1], 'adf': [0, 0, 0, 1, 1, 1, 1]}
{'nsm': [0, 1, 1, 0, -1, 0, -1], 'asi': [0, 1, 0, 0, 0, 0, -1], 'adf': [0, 0, 0, 0, 0, 0, 1]}
{'nsm': [0, 1, 1, -1, 1, 1, 1], 'asi': [0, 1, 0, 1, 1, 0, 0], 'adf': [0, 0, 0, 0, 1, 1, 0]}
{'nsm': [0, 1, 1, -1, -1, 0, 0], 'asi': [0, 1, 0, 1, 0, 0, -1], 'adf': [0, 0, 0, 0, 0, 0, 1]}
{'nsm': [-1, 0, -1, 0, -1, 1, 1], 'asi': [0, -1, 0, 0, 0, 0, 0], 'adf': [0, 0, 0, 0, 0, 1, 0]}
{'nsm': [0, 0, 1, 0, 0, 1, -1], 'asi': [0, -1, -1, -1, 0, 1, -1], 'adf': [1, 1, 1, -1, 1, -1, 0]}
{'nsm': [0, -1, 1, 0, -1, -1, -1], 'asi': [-1, -1, 1, 0, 1, 0, -1], 'adf': [1, 0, -1, 1, -1, -1, -1]}
Detailed mse by temperature for each model{0: [3.5704871132761973, 3.5601654145130657, 3.5682806606892696], 1: [4.561577297326855, 4.545230173880939, 4.5577333093328525], 2: [4.570487113276662, 4.560165414517671, 4.568280660685508], 3: [5.560833440591531, 5.544649485605731, 5.555788319178268], 4: [3.5614749145342883, 3.545032158667012, 3.55725242336554], 5: [5.575016730926638, 5.570261311919777, 5.572678585808092], 6: [4.061901885516593, 4.045108980405565, 4.057512223866985], 7: [3.5673754820249464, 3.554447788282488, 3.5654060027815198], 8: [7.254390984463435, 7.022614450458193, 118.0371196029843], 9: [8.021284710671978, 8.01980943349601, 8.030587896107681]}
MSE score [3.5663110628261774, 4.554846926846882, 4.566311062826613, 5.553757081791844, 3.5545864988556133, 5.572652209551502, 4.054841029929714, 3.5624097576963183, 44.104708345968646, 8.023894013425222]
Best MSE score is 3.5545864988556133
Average MSE result for this generation: 8.711431798971853
Best solution index is 4
total running time11501.280716180801
