using PSO
initial population size= 10
n_generation= 5
n_parents= 4
offspring_size= 4
random agents size= 2
gamma= 0.5
Generation 0
{'nsm': [0, -1, 1, 0, 0, -1, -1], 'asi': [1, 1, 0, -1, 0, 1, 1], 'adf': [1, -1, 0, 1, 1, 1, 0]}
{'nsm': [0, -1, 0, 1, -1, -1, -1], 'asi': [0, 0, -1, 0, 0, -1, 0], 'adf': [0, -1, 1, -1, 1, 0, 1]}
{'nsm': [1, 0, 1, 1, -1, 0, 1], 'asi': [1, 1, 1, 0, -1, 0, 0], 'adf': [-1, 1, 0, 0, 1, 0, 0]}
{'nsm': [0, 0, -1, 1, 1, 0, -1], 'asi': [1, -1, 1, 0, 0, 1, 1], 'adf': [-1, 1, -1, 0, 1, 0, 0]}
{'nsm': [-1, -1, -1, 1, 1, 1, 1], 'asi': [1, 1, 1, 1, 1, -1, 0], 'adf': [0, 1, 1, 0, -1, 1, 0]}
{'nsm': [1, 1, 0, -1, -1, 0, -1], 'asi': [1, 0, -1, -1, 0, -1, -1], 'adf': [1, 1, 0, 0, 0, 1, -1]}
{'nsm': [1, -1, 1, 0, 1, -1, -1], 'asi': [-1, 1, 0, 0, 0, 1, 1], 'adf': [1, 0, 0, 0, 0, 1, -1]}
{'nsm': [1, -1, 0, -1, -1, 0, 0], 'asi': [-1, -1, 1, 0, 0, -1, 0], 'adf': [-1, -1, -1, -1, -1, 1, -1]}
{'nsm': [0, 0, -1, 0, 1, 0, 1], 'asi': [-1, 1, -1, 0, -1, 1, 1], 'adf': [0, 1, -1, 0, 1, 1, -1]}
{'nsm': [0, 0, 1, -1, -1, 0, 1], 'asi': [1, 1, 1, 1, 1, 0, -1], 'adf': [-1, -1, 0, 1, 1, -1, -1]}
Detailed mse by temperature for each model{0: [98.97904714383196, 7.041173723290421, 7.060681668366265], 1: [67.46022543018502, 6.038735310257057, 6.0551037876323015], 2: [6.038810121557789, 6.039015566192229, 6.0522654164198295], 3: [6.571325433498903, 6.5410576846176385, 6.525672264149364], 4: [162.51038144795461, 8.545860459020238, 8.5620134419831], 5: [100.49567024918613, 101.32082873064212, 212.37820438238685], 6: [67.64739700856782, 6.522458611013931, 6.522869133985234], 7: [7.536094184143652, 7.525539544226572, 7.533897523987711], 8: [37.64985008281453, 7.02673348002153, 7.032732925321088], 9: [99.96053569278894, 8.021699292865641, 8.04473019946994]}
MSE score [37.69363417849622, 26.518021509358125, 6.043363701389949, 6.546018460755302, 59.87275178298599, 138.06490112073837, 26.897574917855664, 7.531843750785978, 17.236438829385715, 38.67565506170817]
Average MSE result for this generation 36.508020331345946
Best MSE result for this generation is 6.043363701389949
Generation 1
{'nsm': [1, 0, 1, 1, -1, 0, 1], 'asi': [1, 1, 1, 0, -1, 0, 0], 'adf': [-1, 1, 0, 0, 1, 0, 0]}
{'nsm': [0, 0, -1, 1, 1, 0, -1], 'asi': [1, -1, 1, 0, 0, 1, 1], 'adf': [-1, 1, -1, 0, 1, 0, 0]}
{'nsm': [1, -1, 0, -1, -1, 0, 0], 'asi': [-1, -1, 1, 0, 0, -1, 0], 'adf': [-1, -1, -1, -1, -1, 1, -1]}
{'nsm': [0, 0, -1, 0, 1, 0, 1], 'asi': [-1, 1, -1, 0, -1, 1, 1], 'adf': [0, 1, -1, 0, 1, 1, -1]}
{'nsm': [1, 0, 1, 1, 1, 0, -1], 'asi': [1, 1, 1, 1, 0, 1, 1], 'adf': [-1, 1, 0, 1, 1, 0, 0]}
{'nsm': [0, 0, -1, 1, 1, 1, 0], 'asi': [1, -1, 1, 0, 0, 1, 0], 'adf': [-1, 1, -1, 0, 1, 1, -1]}
{'nsm': [1, -1, 0, -1, -1, -1, 1], 'asi': [-1, -1, 1, 0, 0, -1, 1], 'adf': [-1, -1, -1, -1, -1, -1, -1]}
{'nsm': [0, 0, -1, 0, 1, -1, 1], 'asi': [-1, 1, -1, 0, -1, -1, 0], 'adf': [0, 1, -1, 0, 1, -1, 0]}
{'nsm': [0, 1, -1, 1, 1, 0, -1], 'asi': [-1, 1, 0, 1, -1, 0, -1], 'adf': [-1, -1, 0, 0, 0, -1, 0]}
{'nsm': [0, 1, 1, 0, -1, 1, 1], 'asi': [0, -1, 0, 1, -1, -1, 1], 'adf': [0, 1, 1, -1, 0, 0, 1]}
Detailed mse by temperature for each model{0: [6.038810121557789, 6.039015566192229, 6.0522654164198295], 1: [6.571325433498903, 6.5410576846176385, 6.525672264149364], 2: [7.536094184143652, 7.525539544226572, 7.533897523987711], 3: [37.64985008281453, 7.02673348002153, 7.032732925321088], 4: [99.47788531119322, 7.54063489918036, 7.559497562471611], 5: [37.64319116249557, 7.039977127579629, 7.0484831737852085], 6: [9.044808217793891, 9.015663176097487, 9.006990476781464], 7: [37.42978408723653, 6.541418748568544, 6.555168754229352], 8: [6.569750529245714, 6.5596913932875855, 6.566814477254951], 9: [69.20598994950788, 7.03138558586556, 7.028351356291908]}
MSE score [6.043363701389949, 6.546018460755302, 7.531843750785978, 17.236438829385715, 38.1926725909484, 17.243883821286804, 9.02248729022428, 16.842123863344806, 6.565418799929417, 27.755242297221784]
Average MSE result for this generation 15.297949340527243
Best MSE result for this generation is 6.043363701389949
Generation 2
{'nsm': [1, 0, 1, 1, -1, 0, 1], 'asi': [1, 1, 1, 0, -1, 0, 0], 'adf': [-1, 1, 0, 0, 1, 0, 0]}
{'nsm': [0, 0, -1, 1, 1, 0, -1], 'asi': [1, -1, 1, 0, 0, 1, 1], 'adf': [-1, 1, -1, 0, 1, 0, 0]}
{'nsm': [0, 1, -1, 1, 1, 0, -1], 'asi': [-1, 1, 0, 1, -1, 0, -1], 'adf': [-1, -1, 0, 0, 0, -1, 0]}
{'nsm': [1, -1, 0, -1, -1, 0, 0], 'asi': [-1, -1, 1, 0, 0, -1, 0], 'adf': [-1, -1, -1, -1, -1, 1, -1]}
{'nsm': [1, 0, 1, -1, 1, 0, -1], 'asi': [1, 1, 1, -1, 0, 1, 1], 'adf': [-1, 1, 0, -1, 1, 0, 0]}
{'nsm': [0, 0, -1, 1, 0, 0, -1], 'asi': [1, -1, 1, 0, 0, 0, -1], 'adf': [-1, 1, -1, 0, 0, -1, 0]}
{'nsm': [0, 1, -1, 0, -1, 0, 0], 'asi': [-1, 1, 0, 0, 0, -1, 0], 'adf': [-1, -1, 0, 0, -1, 1, -1]}
{'nsm': [1, -1, 0, 1, -1, 0, 1], 'asi': [-1, -1, 1, 1, -1, 0, 0], 'adf': [-1, -1, -1, 1, 1, 0, 0]}
{'nsm': [0, 0, 1, 0, 1, 1, 0], 'asi': [-1, 0, 0, -1, 1, 0, -1], 'adf': [1, 0, 1, -1, 1, 0, -1]}
{'nsm': [1, 1, -1, 1, 1, 1, -1], 'asi': [-1, 1, -1, 0, 0, 1, -1], 'adf': [-1, -1, 0, 0, 1, 0, 0]}
Detailed mse by temperature for each model{0: [6.038810121557789, 6.039015566192229, 6.0522654164198295], 1: [6.571325433498903, 6.5410576846176385, 6.525672264149364], 2: [6.569750529245714, 6.5596913932875855, 6.566814477254951], 3: [7.536094184143652, 7.525539544226572, 7.533897523987711], 4: [38.14372931380089, 7.538842141008007, 7.55163766896994], 5: [5.556480133627118, 5.5381216092820065, 226.46487591536768], 6: [66.9473964760524, 5.52478361303158, 5.5281542861560276], 7: [99.4778859821878, 7.540839019898151, 7.559564254174618], 8: [6.0739517487178665, 6.069773828952697, 6.071882702805291], 9: [38.156475752187546, 7.555635475590763, 7.552379140628338]}
MSE score [6.043363701389949, 6.546018460755302, 6.565418799929417, 7.531843750785978, 17.744736374592943, 79.18649255275893, 26.00011145841334, 38.19276308542019, 6.071869426825285, 17.754830122802215]
Average MSE result for this generation 21.163744773367355
Best MSE result for this generation is 6.043363701389949
Generation 3
{'nsm': [1, 0, 1, 1, -1, 0, 1], 'asi': [1, 1, 1, 0, -1, 0, 0], 'adf': [-1, 1, 0, 0, 1, 0, 0]}
{'nsm': [0, 0, 1, 0, 1, 1, 0], 'asi': [-1, 0, 0, -1, 1, 0, -1], 'adf': [1, 0, 1, -1, 1, 0, -1]}
{'nsm': [0, 0, -1, 1, 1, 0, -1], 'asi': [1, -1, 1, 0, 0, 1, 1], 'adf': [-1, 1, -1, 0, 1, 0, 0]}
{'nsm': [0, 1, -1, 1, 1, 0, -1], 'asi': [-1, 1, 0, 1, -1, 0, -1], 'adf': [-1, -1, 0, 0, 0, -1, 0]}
{'nsm': [1, 0, 1, 0, 1, 1, 0], 'asi': [1, 1, 1, 0, 1, 0, -1], 'adf': [-1, 1, 0, 0, 1, 0, -1]}
{'nsm': [0, 0, 1, 0, 0, 0, -1], 'asi': [-1, 0, 0, -1, 0, 1, 1], 'adf': [1, 0, 1, -1, 0, 0, 0]}
{'nsm': [0, 0, -1, 1, 1, -1, -1], 'asi': [1, -1, 1, 0, 0, -1, -1], 'adf': [-1, 1, -1, 0, 1, -1, 0]}
{'nsm': [0, 1, -1, 1, 1, 0, 1], 'asi': [-1, 1, 0, 1, -1, 0, 0], 'adf': [-1, -1, 0, 0, 0, 0, 0]}
{'nsm': [1, 1, 0, 1, 1, 1, 0], 'asi': [0, 1, 0, 1, -1, 0, 0], 'adf': [0, 0, 0, -1, 1, 0, -1]}
{'nsm': [0, 1, 1, 1, 1, -1, 0], 'asi': [1, 0, -1, -1, 1, 1, 0], 'adf': [-1, 1, 0, -1, 0, 0, 0]}
Detailed mse by temperature for each model{0: [6.038810121557789, 6.039015566192229, 6.0522654164198295], 1: [6.0739517487178665, 6.069773828952697, 6.071882702805291], 2: [6.571325433498903, 6.5410576846176385, 6.525672264149364], 3: [6.569750529245714, 6.5596913932875855, 6.566814477254951], 4: [6.536938137684189, 6.539571228978383, 6.547193347033074], 5: [97.40965013329618, 20.132101985842432, 4.527018257906124], 6: [7.927174453675801, 7.523271331907187, 150.39960887257863], 7: [5.569493689747384, 5.559660450800113, 5.5668839327099455], 8: [5.557858164389218, 5.5508944613208735, 20.467742557861172], 9: [191.3526281736889, 6.550514612261787, 6.570148638900649]}
MSE score [6.043363701389949, 6.071869426825285, 6.546018460755302, 6.565418799929417, 6.541234237898549, 40.689590125681576, 55.28335155272054, 5.565346024419147, 10.525498394523755, 68.15776380828379]
Average MSE result for this generation 21.198945453242732
Best MSE result for this generation is 5.565346024419147
Generation 4
{'nsm': [0, 1, -1, 1, 1, 0, 1], 'asi': [-1, 1, 0, 1, -1, 0, 0], 'adf': [-1, -1, 0, 0, 0, 0, 0]}
{'nsm': [1, 0, 1, 1, -1, 0, 1], 'asi': [1, 1, 1, 0, -1, 0, 0], 'adf': [-1, 1, 0, 0, 1, 0, 0]}
{'nsm': [0, 0, 1, 0, 1, 1, 0], 'asi': [-1, 0, 0, -1, 1, 0, -1], 'adf': [1, 0, 1, -1, 1, 0, -1]}
{'nsm': [1, 0, 1, 0, 1, 1, 0], 'asi': [1, 1, 1, 0, 1, 0, -1], 'adf': [-1, 1, 0, 0, 1, 0, -1]}
{'nsm': [0, 1, -1, -1, -1, 0, 1], 'asi': [-1, 1, 0, -1, -1, 0, 0], 'adf': [-1, -1, 0, -1, 1, 0, 0]}
{'nsm': [1, 0, 1, 0, 1, 1, 0], 'asi': [1, 1, 1, 0, 1, 0, -1], 'adf': [-1, 1, 0, 0, 1, 0, -1]}
{'nsm': [0, 0, 1, -1, 1, 1, 0], 'asi': [-1, 0, 0, -1, 1, 0, -1], 'adf': [1, 0, 1, -1, 1, 0, -1]}
{'nsm': [1, 0, 1, 0, 1, 0, 1], 'asi': [1, 1, 1, 0, 1, 0, 0], 'adf': [-1, 1, 0, 0, 1, 0, 0]}
{'nsm': [-1, -1, 1, 1, 1, 0, -1], 'asi': [-1, -1, -1, -1, 0, 0, 0], 'adf': [1, 1, 1, 1, 1, 0, -1]}
{'nsm': [-1, 1, 0, 1, -1, 1, -1], 'asi': [1, -1, 0, 1, -1, 0, 0], 'adf': [0, 1, -1, -1, -1, -1, 1]}
Detailed mse by temperature for each model{0: [5.569493689747384, 5.559660450800113, 5.5668839327099455], 1: [6.038810121557789, 6.039015566192229, 6.0522654164198295], 2: [6.0739517487178665, 6.069773828952697, 6.071882702805291], 3: [6.536938137684189, 6.539571228978383, 6.547193347033074], 4: [6.569374082411339, 6.559453293617892, 6.5673251782925925], 5: [6.536938137553974, 6.539619925806725, 6.547527477425038], 6: [6.5739517487083035, 6.569773828956848, 6.571882702753133], 7: [5.53989457871062, 5.541415371929934, 5.552797921744717], 8: [8.039126030560183, 8.039366650192346, 8.053029874383872], 9: [8.058120527995767, 8.051786788500515, 23.625486354595182]}
MSE score [5.565346024419147, 6.043363701389949, 6.071869426825285, 6.541234237898549, 6.565384184773941, 6.541361846928578, 6.571869426806095, 5.544702624128424, 8.043840851712133, 13.245131223697156]
Average MSE result for this generation 7.073410354857925
Best MSE result for this generation is 5.544702624128424
Final population
{'nsm': [1, 0, 1, 0, 1, 0, 1], 'asi': [1, 1, 1, 0, 1, 0, 0], 'adf': [-1, 1, 0, 0, 1, 0, 0]}
{'nsm': [0, 1, -1, 1, 1, 0, 1], 'asi': [-1, 1, 0, 1, -1, 0, 0], 'adf': [-1, -1, 0, 0, 0, 0, 0]}
{'nsm': [1, 0, 1, 1, -1, 0, 1], 'asi': [1, 1, 1, 0, -1, 0, 0], 'adf': [-1, 1, 0, 0, 1, 0, 0]}
{'nsm': [0, 0, 1, 0, 1, 1, 0], 'asi': [-1, 0, 0, -1, 1, 0, -1], 'adf': [1, 0, 1, -1, 1, 0, -1]}
{'nsm': [1, 0, 1, 0, 1, 0, 1], 'asi': [1, 1, 1, 0, 1, 0, 0], 'adf': [-1, 1, 0, 0, 1, 0, 0]}
{'nsm': [0, 1, -1, 1, -1, 0, 1], 'asi': [-1, 1, 0, 1, -1, 0, 0], 'adf': [-1, -1, 0, 0, -1, 0, 0]}
{'nsm': [1, 0, 1, 1, 0, 1, 0], 'asi': [1, 1, 1, 0, 0, 0, -1], 'adf': [-1, 1, 0, 0, 0, 0, -1]}
{'nsm': [0, 0, 1, 0, 1, 1, 1], 'asi': [-1, 0, 0, -1, 1, 1, 0], 'adf': [1, 0, 1, -1, 1, 1, 0]}
{'nsm': [0, -1, 0, 1, -1, -1, -1], 'asi': [0, 1, -1, 0, 0, 1, 0], 'adf': [-1, 0, 1, 0, 0, 1, 0]}
{'nsm': [-1, -1, 0, 1, 1, -1, 1], 'asi': [0, -1, -1, 1, -1, 1, 1], 'adf': [0, -1, 0, -1, 1, 1, -1]}
Detailed mse by temperature for each model{0: [5.53989457871062, 5.541415371929934, 5.552797921744717], 1: [5.569493689747384, 5.559660450800113, 5.5668839327099455], 2: [6.038810121557789, 6.039015566192229, 6.0522654164198295], 3: [6.0739517487178665, 6.069773828952697, 6.071882702805291], 4: [5.539894766039773, 5.5414153719211034, 5.552811379923651], 5: [36.85537127899579, 6.060127784925446, 6.0674834086136205], 6: [81.30833764380931, 5.526055308571435, 50.851307884366], 7: [68.0374087805464, 6.541478416945038, 6.544368901803814], 8: [5.628814106407593, 5.539266998019317, 5.548120227371319], 9: [8.609804364324052, 8.508736997913253, 8.511451512838377]}
MSE score [5.544702624128424, 5.565346024419147, 6.043363701389949, 6.071869426825285, 5.544707172628176, 16.327660824178285, 45.895233612248916, 27.041085366431748, 5.57206711059941, 8.543330958358561]
Best MSE score is 5.544702624128424
Average MSE result for this generation: 13.21493668212079
Best solution index is 0
total running time11657.7431910038
