using PSO
initial population size= 10
n_generation= 5
n_parents= 4
offspring_size= 4
random agents size= 2
gamma= 0.5
Generation 0
{'nsm': [-1, 1, 0, 1, 1, 1, 1], 'asi': [-1, -1, -1, 0, -1, 1, 0], 'adf': [0, -1, -1, -1, 1, 1, -1]}
{'nsm': [-1, 0, -1, -1, 0, -1, 1], 'asi': [-1, 1, 0, 1, -1, 1, 1], 'adf': [0, 1, 1, 0, 1, -1, 0]}
{'nsm': [1, 1, 0, 0, 0, 0, 0], 'asi': [-1, -1, -1, -1, -1, 1, -1], 'adf': [-1, 0, -1, -1, 1, 1, 0]}
{'nsm': [0, 1, 1, 0, 1, -1, -1], 'asi': [0, 0, 0, 1, -1, -1, 1], 'adf': [1, -1, 1, -1, 1, -1, 0]}
{'nsm': [1, -1, 0, 0, -1, 0, -1], 'asi': [-1, 0, 0, -1, -1, 0, 0], 'adf': [1, -1, 1, 0, 0, -1, 0]}
{'nsm': [0, 1, 1, -1, 1, 0, 0], 'asi': [-1, -1, -1, 1, 1, 0, 0], 'adf': [1, -1, -1, -1, 0, -1, 0]}
{'nsm': [1, -1, -1, -1, 1, -1, -1], 'asi': [-1, -1, 0, 1, -1, -1, 1], 'adf': [0, 1, 0, 1, 1, 0, 1]}
{'nsm': [0, 0, 1, -1, -1, 1, 1], 'asi': [1, -1, 1, -1, -1, 0, -1], 'adf': [1, -1, -1, 1, -1, -1, -1]}
{'nsm': [0, 1, -1, 1, 0, -1, 1], 'asi': [0, 1, 1, -1, 0, 0, 1], 'adf': [0, 0, 1, 1, -1, -1, -1]}
{'nsm': [-1, 0, -1, 0, 1, 0, 1], 'asi': [-1, 0, -1, -1, 1, -1, -1], 'adf': [-1, -1, 0, -1, -1, 1, 0]}
Detailed mse by temperature for each model{0: [8.539695246888487, 8.539944865726511, 8.540378846560905], 1: [68.9649523623715, 7.538457959737476, 7.543729572836122], 2: [7.06314976512729, 7.039021164199734, 118.14041858745429], 3: [101.01534047457584, 7.563874290211235, 23.109408278117634], 4: [5.567572376207417, 36.48827267053677, 5.564806053459697], 5: [130.41163806879024, 7.051943959523462, 7.0668086000454275], 6: [24.13838344404862, 8.507610033693753, 8.505406765230079], 7: [24.346205771913226, 9.003077568853719, 135.95751142066882], 8: [37.6469487737778, 7.0444125589680695, 7.048667813242124], 9: [68.65939721890871, 7.541503338699621, 7.5553570438337445]}
MSE score [8.5400063197253, 28.015713298315035, 44.08086317226044, 43.89620768096824, 15.873550366734628, 48.17679687611971, 13.71713341432415, 56.43559825381192, 17.246676381996, 27.91875253381403]
Average MSE result for this generation 30.39012982980695
Best MSE result for this generation is 8.5400063197253
Generation 1
{'nsm': [-1, 1, 0, 1, 1, 1, 1], 'asi': [-1, -1, -1, 0, -1, 1, 0], 'adf': [0, -1, -1, -1, 1, 1, -1]}
{'nsm': [1, -1, -1, -1, 1, -1, -1], 'asi': [-1, -1, 0, 1, -1, -1, 1], 'adf': [0, 1, 0, 1, 1, 0, 1]}
{'nsm': [1, -1, 0, 0, -1, 0, -1], 'asi': [-1, 0, 0, -1, -1, 0, 0], 'adf': [1, -1, 1, 0, 0, -1, 0]}
{'nsm': [0, 1, -1, 1, 0, -1, 1], 'asi': [0, 1, 1, -1, 0, 0, 1], 'adf': [0, 0, 1, 1, -1, -1, -1]}
{'nsm': [-1, 1, 0, 1, 0, -1, -1], 'asi': [-1, -1, -1, 0, 0, -1, 1], 'adf': [0, -1, -1, -1, 0, 0, 1]}
{'nsm': [1, -1, -1, -1, 1, -1, -1], 'asi': [-1, -1, 0, 1, -1, -1, 0], 'adf': [0, 1, 0, 1, 1, -1, 0]}
{'nsm': [1, -1, 0, 0, -1, -1, 1], 'asi': [-1, 0, 0, -1, -1, -1, 1], 'adf': [1, -1, 1, 0, 0, -1, -1]}
{'nsm': [0, 1, -1, 1, 0, -1, 1], 'asi': [0, 1, 1, -1, 0, -1, 0], 'adf': [0, 0, 1, 1, -1, -1, -1]}
{'nsm': [0, -1, 0, 0, 1, -1, -1], 'asi': [-1, -1, 0, 0, 0, 1, -1], 'adf': [0, 1, -1, -1, 0, -1, 0]}
{'nsm': [0, -1, 0, 0, -1, 1, 0], 'asi': [1, -1, 0, 0, 0, -1, 0], 'adf': [0, 1, -1, -1, 1, 1, 1]}
Detailed mse by temperature for each model{0: [8.539695246888487, 8.539944865726511, 8.540378846560905], 1: [24.13838344404862, 8.507610033693753, 8.505406765230079], 2: [5.567572376207417, 36.48827267053677, 5.564806053459697], 3: [37.6469487737778, 7.0444125589680695, 7.048667813242124], 4: [100.19430155734946, 7.072458442484529, 21.937659021894937], 5: [69.52888918271495, 8.038411895857038, 39.639048095030816], 6: [100.21669896863497, 23.219990861915726, 38.60066367702632], 7: [7.040524685676009, 7.0445822448080015, 7.05544694299366], 8: [21.373694012716758, 6.024752170776045, 117.0363036637121], 9: [128.86373031059978, 6.045209724845882, 6.058330943698647]}
MSE score [8.5400063197253, 13.71713341432415, 15.873550366734628, 17.246676381996, 43.06813967390965, 39.0687830578676, 54.01245116919234, 7.046851291159224, 48.144916615734964, 46.98909032638144]
Average MSE result for this generation 29.370759861702528
Best MSE result for this generation is 7.046851291159224
Generation 2
{'nsm': [0, 1, -1, 1, 0, -1, 1], 'asi': [0, 1, 1, -1, 0, -1, 0], 'adf': [0, 0, 1, 1, -1, -1, -1]}
{'nsm': [-1, 1, 0, 1, 1, 1, 1], 'asi': [-1, -1, -1, 0, -1, 1, 0], 'adf': [0, -1, -1, -1, 1, 1, -1]}
{'nsm': [1, -1, -1, -1, 1, -1, -1], 'asi': [-1, -1, 0, 1, -1, -1, 1], 'adf': [0, 1, 0, 1, 1, 0, 1]}
{'nsm': [1, -1, 0, 0, -1, 0, -1], 'asi': [-1, 0, 0, -1, -1, 0, 0], 'adf': [1, -1, 1, 0, 0, -1, 0]}
{'nsm': [0, 1, -1, 1, 0, 0, 1], 'asi': [0, 1, 1, -1, 0, 0, 0], 'adf': [0, 0, 1, 1, -1, 0, -1]}
{'nsm': [-1, 1, 0, 1, 1, 1, -1], 'asi': [-1, -1, -1, 0, -1, 1, 1], 'adf': [0, -1, -1, -1, 1, 1, 1]}
{'nsm': [1, -1, -1, -1, 1, 0, -1], 'asi': [-1, -1, 0, 1, 1, 0, 0], 'adf': [0, 1, 0, 1, 1, -1, 0]}
{'nsm': [1, -1, 0, 0, -1, 1, 1], 'asi': [-1, 0, 0, -1, -1, 1, 0], 'adf': [1, -1, 1, 0, 0, 1, -1]}
{'nsm': [1, 1, -1, -1, -1, 1, 0], 'asi': [1, 1, 0, 1, 1, -1, 1], 'adf': [-1, 1, 0, 1, 1, 1, 1]}
{'nsm': [-1, 0, -1, -1, 0, 0, 1], 'asi': [0, 0, -1, 0, 0, -1, -1], 'adf': [1, 1, 1, -1, 1, 1, -1]}
Detailed mse by temperature for each model{0: [7.040524685676009, 7.0445822448080015, 7.05544694299366], 1: [8.539695246888487, 8.539944865726511, 8.540378846560905], 2: [24.13838344404862, 8.507610033693753, 8.505406765230079], 3: [5.567572376207417, 36.48827267053677, 5.564806053459697], 4: [67.29124869437479, 5.5447131039522075, 5.548958605333204], 5: [40.36940218454579, 9.02737545102503, 9.018646611258596], 6: [7.066226669534486, 7.053896951582861, 7.063841506347697], 7: [99.37881780878544, 7.040896447672496, 7.0434431438058205], 8: [178.7699495998538, 9.034794979460596, 56.21249200710357], 9: [84.78606666961156, 69.71536274188969, 181.91000258574007]}
MSE score [7.046851291159224, 8.5400063197253, 13.71713341432415, 15.873550366734628, 26.128306801220063, 19.47180808227647, 7.061321709155014, 37.82105246675459, 81.33907886213932, 112.13714399908044]
Average MSE result for this generation 32.91362533125692
Best MSE result for this generation is 7.046851291159224
Generation 3
{'nsm': [0, 1, -1, 1, 0, -1, 1], 'asi': [0, 1, 1, -1, 0, -1, 0], 'adf': [0, 0, 1, 1, -1, -1, -1]}
{'nsm': [1, -1, -1, -1, 1, 0, -1], 'asi': [-1, -1, 0, 1, 1, 0, 0], 'adf': [0, 1, 0, 1, 1, -1, 0]}
{'nsm': [-1, 1, 0, 1, 1, 1, 1], 'asi': [-1, -1, -1, 0, -1, 1, 0], 'adf': [0, -1, -1, -1, 1, 1, -1]}
{'nsm': [1, -1, -1, -1, 1, -1, -1], 'asi': [-1, -1, 0, 1, -1, -1, 1], 'adf': [0, 1, 0, 1, 1, 0, 1]}
{'nsm': [0, 1, -1, -1, 1, 0, -1], 'asi': [0, 1, 1, -1, 1, 0, 0], 'adf': [0, 0, 1, -1, 1, -1, 0]}
{'nsm': [1, -1, -1, 0, 1, 1, 1], 'asi': [-1, -1, 0, 0, -1, 1, 0], 'adf': [0, 1, 0, 0, 1, 1, -1]}
{'nsm': [-1, 1, 0, 1, 0, -1, -1], 'asi': [-1, -1, -1, 0, 0, -1, 1], 'adf': [0, -1, -1, -1, 0, 0, 1]}
{'nsm': [1, -1, -1, -1, 0, -1, 1], 'asi': [-1, -1, 0, -1, 0, -1, 0], 'adf': [0, 1, 0, -1, -1, -1, -1]}
{'nsm': [1, 0, 1, 0, -1, -1, 0], 'asi': [1, -1, 1, 1, 0, 0, 0], 'adf': [-1, 0, 0, -1, -1, 0, 0]}
{'nsm': [-1, 0, 0, 1, 1, -1, 1], 'asi': [-1, 1, 1, -1, 0, -1, 1], 'adf': [1, 1, 1, 0, 0, 0, 0]}
Detailed mse by temperature for each model{0: [7.040524685676009, 7.0445822448080015, 7.05544694299366], 1: [7.066226669534486, 7.053896951582861, 7.063841506347697], 2: [8.539695246888487, 8.539944865726511, 8.540378846560905], 3: [24.13838344404862, 8.507610033693753, 8.505406765230079], 4: [67.96201099415663, 6.543681023621518, 6.549112206459179], 5: [68.15776581825183, 7.0264523952971984, 7.032970102327518], 6: [115.5259125976984, 7.070348635477803, 21.931073336018123], 7: [7.6134969424152015, 7.519233564551243, 54.03641088436848], 8: [97.48099338210302, 5.546629894168454, 5.564007794759193], 9: [7.038546775278771, 7.039616896812855, 7.056699231198629]}
MSE score [7.046851291159224, 7.061321709155014, 8.5400063197253, 13.71713341432415, 27.018268074745777, 27.405729438625514, 48.17577818973144, 23.056380463778307, 36.19721035701022, 7.044954301096752]
Average MSE result for this generation 20.52636335593517
Best MSE result for this generation is 7.044954301096752
Generation 4
{'nsm': [-1, 0, 0, 1, 1, -1, 1], 'asi': [-1, 1, 1, -1, 0, -1, 1], 'adf': [1, 1, 1, 0, 0, 0, 0]}
{'nsm': [0, 1, -1, 1, 0, -1, 1], 'asi': [0, 1, 1, -1, 0, -1, 0], 'adf': [0, 0, 1, 1, -1, -1, -1]}
{'nsm': [1, -1, -1, -1, 1, 0, -1], 'asi': [-1, -1, 0, 1, 1, 0, 0], 'adf': [0, 1, 0, 1, 1, -1, 0]}
{'nsm': [-1, 1, 0, 1, 1, 1, 1], 'asi': [-1, -1, -1, 0, -1, 1, 0], 'adf': [0, -1, -1, -1, 1, 1, -1]}
{'nsm': [-1, 0, 0, 1, 1, 0, 1], 'asi': [-1, 1, 1, -1, 0, 0, 0], 'adf': [1, 1, 1, 0, 0, 0, -1]}
{'nsm': [0, 1, -1, 1, 1, 0, -1], 'asi': [0, 1, 1, -1, 1, 0, 0], 'adf': [0, 0, 1, 1, 1, -1, 0]}
{'nsm': [1, -1, -1, -1, 1, 1, 1], 'asi': [-1, -1, 0, -1, -1, 1, 0], 'adf': [0, 1, 0, -1, 1, 1, -1]}
{'nsm': [-1, 1, 0, -1, 1, -1, 1], 'asi': [-1, -1, -1, -1, 0, -1, 1], 'adf': [0, -1, -1, -1, 0, 0, 0]}
{'nsm': [-1, -1, 1, -1, 1, -1, -1], 'asi': [1, 0, 0, -1, 1, 1, 0], 'adf': [1, 0, 1, 1, -1, -1, 0]}
{'nsm': [-1, 0, 1, 1, 1, 1, 0], 'asi': [1, 1, -1, 1, -1, 1, 0], 'adf': [-1, 0, 0, 1, 0, 1, 0]}
Detailed mse by temperature for each model{0: [7.038546775278771, 7.039616896812855, 7.056699231198629], 1: [7.040524685676009, 7.0445822448080015, 7.05544694299366], 2: [7.066226669534486, 7.053896951582861, 7.063841506347697], 3: [8.539695246888487, 8.539944865726511, 8.540378846560905], 4: [36.64387027275879, 6.039032986826045, 6.05018701477504], 5: [67.96331864630511, 6.544105226910511, 6.548582753204781], 6: [39.14271787909467, 8.52564226714571, 8.53225670678952], 7: [100.70909839240004, 23.225342335995183, 23.105098870389863], 8: [99.97852552571794, 8.040903906762294, 8.059699216207628], 9: [161.01636572433068, 7.059293350934297, 7.0680194717908424]}
MSE score [7.044954301096752, 7.046851291159224, 7.061321709155014, 8.5400063197253, 16.244363424786624, 27.01866887547347, 18.733538951009965, 49.01317986626169, 38.69304288289596, 58.381226182351945]
Average MSE result for this generation 23.777715380391594
Best MSE result for this generation is 7.044954301096752
Final population
{'nsm': [-1, 0, 0, 1, 1, -1, 1], 'asi': [-1, 1, 1, -1, 0, -1, 1], 'adf': [1, 1, 1, 0, 0, 0, 0]}
{'nsm': [0, 1, -1, 1, 0, -1, 1], 'asi': [0, 1, 1, -1, 0, -1, 0], 'adf': [0, 0, 1, 1, -1, -1, -1]}
{'nsm': [1, -1, -1, -1, 1, 0, -1], 'asi': [-1, -1, 0, 1, 1, 0, 0], 'adf': [0, 1, 0, 1, 1, -1, 0]}
{'nsm': [-1, 1, 0, 1, 1, 1, 1], 'asi': [-1, -1, -1, 0, -1, 1, 0], 'adf': [0, -1, -1, -1, 1, 1, -1]}
{'nsm': [-1, 0, 0, 1, 0, -1, 1], 'asi': [-1, 1, 1, 1, 0, -1, 0], 'adf': [1, 1, 1, 1, -1, -1, -1]}
{'nsm': [0, 1, -1, 0, 1, 0, -1], 'asi': [0, 1, 1, 0, 1, 0, 0], 'adf': [0, 0, 1, 0, 1, -1, 0]}
{'nsm': [1, -1, -1, -1, 1, 1, 1], 'asi': [-1, -1, 0, 1, 1, 1, 0], 'adf': [0, 1, 0, 1, 1, 1, -1]}
{'nsm': [-1, 1, 0, 1, 1, 1, 1], 'asi': [-1, -1, -1, 0, -1, 1, 1], 'adf': [0, -1, -1, -1, 1, 1, 0]}
{'nsm': [1, -1, -1, 0, 1, -1, 1], 'asi': [1, -1, 1, 0, 0, 1, 0], 'adf': [0, -1, 0, -1, -1, -1, -1]}
{'nsm': [-1, 1, 1, -1, -1, -1, 1], 'asi': [1, -1, -1, -1, 0, 0, -1], 'adf': [1, 1, 1, -1, 0, 0, -1]}
Detailed mse by temperature for each model{0: [7.038546775278771, 7.039616896812855, 7.056699231198629], 1: [7.040524685676009, 7.0445822448080015, 7.05544694299366], 2: [7.066226669534486, 7.053896951582861, 7.063841506347697], 3: [8.539695246888487, 8.539944865726511, 8.540378846560905], 4: [131.1801970464096, 8.04634488811803, 8.06377172990242], 5: [5.046422786479582, 5.0548818699910045, 5.059582162463535], 6: [70.28585989288362, 8.525766916475018, 8.532318495130625], 7: [39.87734625643185, 8.542717008645049, 8.531007144396918], 8: [7.535163867696964, 7.52227349771978, 22.45013460609748], 9: [256.1384686900685, 225.99195342668918, 353.8854482001039]}
MSE score [7.044954301096752, 7.046851291159224, 7.061321709155014, 8.5400063197253, 49.09677122147668, 5.053628939644707, 29.114648434829757, 18.983690136491273, 12.502523990504741, 278.67195677228716]
Best MSE score is 5.053628939644707
Average MSE result for this generation: 42.31163531163706
Best solution index is 5
total running time12672.918601036072
